0 0 0 0 0 0 0.951031 20
0 0 0 0 0 0 1.00137 20
0 0 0 0 0 0 1.0516 20
0 0 0 0 0 0 1.10176 20
0 0 0 0 0 0 1.1521 19
0 0 0 0 0 0 1.20235 20
0 0 0 0 0 0 1.25266 20
0.00333333 0.00333333 0.00078125 0.139733 0.139733 0.03275 1.3029 20
0.0133333 0.0133333 0.003125 0.298667 0.298667 0.07 1.35316 20
0.0333333 0.0333333 0.0078125 0.4544 0.4544 0.1065 1.40345 20
0.06 0.06 0.0140625 0.610347 0.610347 0.14305 1.45372 19
0.101667 0.101667 0.0238281 0.801067 0.801067 0.18775 1.50405 19
0.146667 0.146667 0.034375 0.9568 0.9568 0.22425 1.55429 18
0.198333 0.198333 0.0464844 1.11253 1.11253 0.26075 1.60468 18
0.258333 0.258333 0.0605469 1.27147 1.27147 0.298 1.65493 18
0.326667 0.326667 0.0765625 1.4272 1.4272 0.3345 1.7053 18
0.401667 0.401667 0.0941406 1.58293 1.58293 0.371 1.75553 17
0.486667 0.486667 0.114063 1.74187 1.74187 0.40825 1.80585 17
0.578333 0.578333 0.135547 1.8976 1.8976 0.44475 1.85612 16
0.678333 0.678333 0.158984 2.05355 2.05355 0.4813 1.90637 16
0.785 0.785 0.183984 2.21248 2.21248 0.51855 1.95662 16
0.9 0.9 0.210938 2.36821 2.36821 0.55505 2.00687 16
1.025 1.025 0.240234 2.52395 2.52395 0.59155 2.05712 15
1.155 1.155 0.270703 2.68288 2.68288 0.6288 2.10738 15
1.295 1.295 0.303516 2.83861 2.83861 0.6653 2.15765 14
1.44167 1.44167 0.337891 2.99435 2.99435 0.7018 2.20799 14
1.59667 1.59667 0.374219 3.15328 3.15328 0.73905 2.25828 14
1.76 1.76 0.4125 3.30923 3.30923 0.7756 2.30857 14
1.93167 1.93167 0.452734 3.46496 3.46496 0.8121 2.35881 13
2.11 2.11 0.494531 3.62389 3.62389 0.84935 2.40907 13
2.29667 2.29667 0.538281 3.77963 3.77963 0.88585 2.45935 12
2.49167 2.49167 0.583984 3.93536 3.93536 0.92235 2.50962 12
2.695 2.695 0.631641 4.09429 4.09429 0.9596 2.55991 12
2.905 2.905 0.680859 4.25003 4.25003 0.9961 2.61017 12
3.12333 3.12333 0.732031 4.40597 4.40597 1.03265 2.66047 11
3.35 3.35 0.785156 4.56491 4.56491 1.0699 2.71073 11
3.58333 3.58333 0.839844 4.72064 4.72064 1.1064 2.76102 10
3.82667 3.82667 0.896875 4.87637 4.87637 1.1429 2.81126 10
4.07667 4.07667 0.955469 5.03531 5.03531 1.18015 2.86156 10
4.335 4.335 1.01602 5.19104 5.19104 1.21665 2.91183 10
4.6 4.6 1.07812 5.34677 5.34677 1.25315 2.96217 9
4.875 4.875 1.14258 5.50571 5.50571 1.2904 3.01244 9
5.15333 5.15667 1.20859 5.48032 5.66144 1.3269 3.06278 8
5.42667 5.445 1.27617 5.32459 5.81739 1.36345 3.11312 8
5.69167 5.74333 1.34609 5.16885 5.97632 1.4007 3.1634 8
5.94833 6.04833 1.41758 5.00992 6.13205 1.4372 3.21374 8
6.19833 6.36333 1.49141 4.85419 6.28779 1.4737 3.26403 7
6.48667 6.75 1.58203 4.66645 6.47531 1.51765 3.31429 7
6.71833 7.08 1.65937 4.50752 6.63424 1.5549 3.36462 6
6.94333 7.41833 1.73867 4.35179 6.78997 1.5914 3.41499 6
7.15833 7.765 1.81992 4.19605 6.94592 1.62795 3.46532 6
7.36667 8.12 1.90313 4.03712 7.10485 1.6652 3.51567 6
7.56667 8.48333 1.98828 3.88139 7.26059 1.7017 3.56594 5
7.76 8.85333 2.075 3.72565 7.41632 1.7382 3.61629 5
7.94333 9.23167 2.16367 3.56992 7.57525 1.77545 3.66659 4
8.12 9.61833 2.2543 3.41077 7.73099 1.81195 3.71694 4
8.28833 10.0133 2.34687 3.25504 7.87093 1.84845 3.76721 4
8.45 10.4067 2.44102 3.09931 7.7152 1.8857 3.81748 4
8.60167 10.7917 2.53711 2.94037 7.55627 1.9222 3.86773 3
8.74667 11.17 2.63516 2.78464 7.40032 1.95875 3.91807 3
8.88333 11.54 2.73477 2.62891 7.24459 1.996 3.96831 2
9.01333 11.9017 2.83672 2.46997 7.08565 2.0325 4.01859 2
9.13333 12.2567 2.94023 2.31424 6.92992 2.069 4.06894 2
9.24667 12.6033 3.0457 2.15829 6.77419 2.10625 4.11916 2
9.35167 12.9417 3.15313 1.99936 6.61525 2.14275 4.16946 1
9.44833 13.2717 3.26211 1.84363 6.45952 2.17925 4.21968 1
9.53833 13.595 3.37305 1.68789 6.30379 2.2165 4.27001 0
9.62 13.9083 3.48594 1.52896 6.14464 2.25305 4.32034 0
9.69333 14.215 3.60078 1.37323 5.98891 2.28955 4.37072 0
9.75833 14.515 3.71719 1.21429 5.83317 2.3268 4.42097 0
9.81667 14.805 3.83555 1.06795 5.67424 2.3633 4.47125 0
9.87 15.0883 3.95586 1.06795 5.51851 2.3998 4.52148 0
9.925 15.3633 4.07812 1.06795 5.36277 2.43705 4.57176 0
9.97833 15.63 4.20234 1.06795 5.20384 2.47355 4.62196 0
10 15.89 4.32812 0 5.04811 2.5101 4.67212 0
10 16.1417 4.45586 0 4.88896 2.54735 4.72249 0
10 16.385 4.58555 0 4.73323 2.58385 4.77281 0
10 16.62 4.7168 0 4.57749 2.62035 4.82306 0
10 16.8467 4.85039 0 4.41856 2.6576 4.87341 0
10 17.0667 4.98555 0 4.26283 2.6941 4.92378 0
10 17.32 5.15 0 4.07531 2.73805 4.97406 0
10 17.5217 5.28945 0 3.91957 2.7753 5.0244 0
10 17.715 5.43047 0 3.76064 2.8118 5.07466 0
10 17.9017 5.57344 0 3.60469 2.84835 5.12506 0
10 18.08 5.71797 0 3.44896 2.8856 5.17542 0
10 18.25 5.86484 0 3.29003 2.9221 5.22568 0
10 18.4133 6.01328 0 3.13429 2.9586 5.27596 0
10 18.5683 6.16367 0 2.97536 2.99585 5.32629 0
10 18.715 6.31602 0 2.81963 3.03235 5.37659 0
10 18.8533 6.47031 0 2.66389 3.06885 5.42697 0
10 18.9833 6.62617 0 2.50496 3.1061 5.47733 0
10 19.1067 6.78398 0 2.34901 3.14265 5.52772 0
10 19.2217 6.94375 0 2.19328 3.17915 5.57811 0
10 19.3283 7.10508 0 2.03435 3.2164 5.62848 0
10 19.4283 7.26836 0 1.87861 3.2529 5.67876 0
10 19.5183 7.43398 0 1.72288 3.2894 5.72912 0
10 19.6017 7.60078 0 1.56395 3.32665 5.77949 0
10 19.6767 7.76992 0 1.40821 3.36315 5.82984 0
10 19.745 7.94063 0 1.25248 3.39965 5.8802 0
10 19.805 8.11367 0 1.09333 3.43695 5.93049 0
10 19.8583 8.28828 0 1.06795 3.47345 5.98087 0
10 19.9117 8.46484 0 1.06795 3.5107 6.03124 0
10 19.9667 8.64297 0 1.06795 3.5472 6.08161 0
10 20 8.82344 0 0 3.5837 6.13198 0
10 20 9.00508 0 0 3.62095 6.18235 0
10 20 9.18906 0 0 3.65745 6.23271 0
10 20 9.375 0 0 3.69395 6.28307 0
10 20 9.5625 0 0 3.73125 6.33344 0
10 20 9.75195 0 0 3.76775 6.38381 0
10 20 9.98164 0 0 3.8117 6.43417 0
10 20 10.175 0 0 3.84895 6.48454 0
10 20 10.3703 0 0 3.88545 6.53492 0
10 20 10.5676 0 0 3.92195 6.58521 0
10 20 10.7664 0 0 3.9592 6.63555 0
10 20 10.9672 0 0 3.9957 6.68579 0
10 20 11.1699 0 0 4.03225 6.73595 0
10 20 11.3746 0 0 4.0695 6.78611 0
10 20 11.5813 0 0 4.106 6.83636 0
10 20 11.7895 0 0 4.1425 6.88664 0
10 20 11.9996 0 0 4.17975 6.93701 0
10 20 12.2117 0 0 4.21625 6.9874 0
10 20 12.4258 0 0 4.25275 7.03768 0
10 20 12.6414 0 0 4.29 7.08803 0
10 20 12.859 0 0 4.32655 7.13832 0
10 20 13.0785 0 0 4.36305 7.18869 0
10 20 13.2996 0 0 4.4003 7.23906 0
10 20 13.523 0 0 4.4368 7.28931 0
10 20 13.748 0 0 4.4733 7.33964 0
10 20 13.975 0 0 4.51055 7.39 0
10 20 14.2035 0 0 4.54705 7.44028 0
10 20 14.4344 0 0 4.58355 7.4906 0
10 20 14.6668 0 0 4.62085 7.54097 0
10 20 14.9012 0 0 4.65735 7.59119 0
10 20 15.1367 0 0 4.6499 7.64147 0
10 20 15.3707 0 0 4.61335 7.69186 0
10 20 15.6031 0 0 4.5761 7.74224 0
10 20 15.8332 0 0 4.5396 7.79263 0
10 20 16.0617 0 0 4.5031 7.84304 0
10 20 16.2883 0 0 4.46585 7.89346 0
10 20 16.5129 0 0 4.42935 7.94389 0
10 20 16.7801 0 0 4.3854 7.99427 0
10 20 17.0008 0 0 4.34815 8.04464 0
10 20 17.2195 0 0 4.31165 8.09494 0
10 20 17.4367 0 0 4.2751 8.14532 0
10 20 17.6516 0 0 4.23785 8.1957 0
10 20 17.8648 0 0 4.20135 8.24609 0
10 20 18.0762 0 0 4.16485 8.2965 0
10 20 18.2859 0 0 4.1276 8.34682 0
10 20 18.4934 0 0 4.0911 8.39721 0
10 20 18.6992 0 0 4.0546 8.44761 0
10 20 18.9031 0 0 4.01735 8.49802 0
10 20 19.1051 0 0 3.9808 8.54836 0
10 20 19.3051 0 0 3.9443 8.59864 0
10 20 19.5035 0 0 3.90705 8.64893 0
10 20 19.7004 0 0 3.87055 8.69922 0
10 20 19.8949 0 0 3.83405 8.7496 0
10 20 20.0879 0 0 3.7968 8.79999 0
10 20 20.2789 0 0 3.7603 8.85039 0
10 20 20.468 0 0 3.7238 8.90063 0
10 20 20.6551 0 0 3.6865 8.9508 0
10 20 20.8406 0 0 3.65 9.00096 0
10 20 21.0238 0 0 3.6135 9.05113 0
10 20 21.2059 0 0 3.57625 9.10133 0
10 20 21.3855 0 0 3.53975 9.1516 0
10 20 21.5637 0 0 3.50325 9.20193 0
10 20 21.7398 0 0 3.466 9.25217 0
10 20 21.9141 0 0 3.4295 9.30243 0
10 20 22.0863 0 0 3.3922 9.35281 0
10 20 22.257 0 0 3.3557 9.40315 0
10 20 22.4258 0 0 3.3192 9.45342 0
10 20 22.5926 0 0 3.28195 9.5038 0
10 20 22.7906 0 0 3.238 9.55417 0
10 20 22.9531 0 0 3.2015 9.60455 0
10 20 23.1141 0 0 3.16425 9.65493 0
10 20 23.273 0 0 3.12775 9.70528 0
10 20 23.4301 0 0 3.0912 9.75563 0
10 20 23.5855 0 0 3.05395 9.80598 0
10 20 23.7391 0 0 3.01745 9.85637 0
10 20 23.8906 0 0 2.98095 9.90678 0
10 20 24.0402 0 0 2.9437 9.9572 0
10 20 24.1883 0 0 2.9072 10.0075 0
10 20 24.3344 0 0 2.8707 10.0579 0
10 20 24.4785 0 0 2.83345 10.1082 0
10 20 24.6207 0 0 2.7969 10.1587 0
10 20 24.7613 0 0 2.7604 10.2091 0
10 20 24.9 0 0 2.72315 10.2594 0
10 20 25.0367 0 0 2.68665 10.3097 0
10 20 25.1715 0 0 2.65015 10.3601 0
10 20 25.3047 0 0 2.6129 10.4105 0
10 20 25.4355 0 0 2.5764 10.4609 0
10 20 25.5648 0 0 2.53915 10.5114 0
10 20 25.6926 0 0 2.50265 10.5617 0
10 20 25.818 0 0 2.4661 10.6121 0
10 20 25.9418 0 0 2.42885 10.6625 0
10 20 26.0637 0 0 2.39235 10.7129 0
10 20 26.1836 0 0 2.35585 10.7633 0
10 20 26.302 0 0 2.3186 10.8136 0
10 20 26.418 0 0 2.2821 10.864 0
10 20 26.5551 0 0 2.23815 10.9143 0
10 20 26.6676 0 0 2.2009 10.9646 0
10 20 26.7777 0 0 2.16435 11.015 0
10 20 26.8863 0 0 2.12785 11.0654 0
10 20 26.993 0 0 2.0906 11.1158 0
10 20 27.0977 0 0 2.0541 11.1661 0
10 20 27.2004 0 0 2.0176 11.2164 0
10 20 27.3016 0 0 1.98035 11.2667 0
10 20 27.4008 0 0 1.94385 11.3169 0
10 20 27.498 0 0 1.9073 11.3671 0
10 20 27.5934 0 0 1.87005 11.4172 0
10 20 27.6871 0 0 1.83355 11.4673 0
10 20 27.7789 0 0 1.79705 11.5175 0
10 20 27.8687 0 0 1.7598 11.5676 0
10 20 27.9566 0 0 1.7233 11.6177 0
10 20 28.043 0 0 1.6868 11.6679 0
10 20 28.1273 0 0 1.64955 11.718 0
10 20 28.2098 0 0 1.61305 11.7681 0
10 20 28.2902 0 0 1.5765 11.8183 0
10 20 28.3691 0 0 1.53925 11.8684 0
10 20 28.4461 0 0 1.50275 11.9185 0
10 20 28.5211 0 0 1.46625 11.9688 0
10 20 28.5941 0 0 1.429 12.0189 0
10 20 28.6656 0 0 1.3925 12.0691 0
10 20 28.7352 0 0 1.356 12.1193 0
10 20 28.8027 0 0 1.31875 12.1694 0
10 20 28.8684 0 0 1.2822 12.2196 0
10 20 28.9324 0 0 1.2457 12.2698 0
10 20 28.9941 0 0 1.20845 12.3201 0
10 20 29.0547 0 0 1.17195 12.3704 0
10 20 29.1129 0 0 1.13545 12.4206 0
10 20 29.1691 0 0 1.0982 12.471 0
10 20 29.2238 0 0 1.0617 12.5212 0
10 20 29.2766 0 0 1.02515 12.5715 0
10 20 29.3273 0 0 0.9879 12.6218 0
10 20 29.3766 0 0 0.9514 12.6721 0
10 20 29.4238 0 0 0.9149 12.7224 0
10 20 29.4691 0 0 0.87765 12.7726 0
10 20 29.5125 0 0 0.84115 12.8229 0
10 20 29.5543 0 0 0.8039 12.8731 0
10 20 29.5938 0 0 0.7674 12.9234 0
10 20 29.6316 0 0 0.7309 12.9737 0
10 20 29.668 0 0 0.6936 13.024 0
10 20 29.7086 0 0 0.64965 13.0742 0
10 20 29.7406 0 0 0.61315 13.1244 0
10 20 29.7707 0 0 0.57665 13.1745 0
10 20 29.7988 0 0 0.5394 13.2248 0
10 20 29.825 0 0 0.5029 13.275 0
10 20 29.8496 0 0 0.4664 13.3253 0
10 20 29.8723 0 0 0.42915 13.3755 0
10 20 29.8934 0 0 0.3926 13.4258 0
10 20 29.9121 0 0 0.3561 13.476 0
10 20 29.9293 0 0 0.31885 13.5263 0
10 20 29.9445 0 0 0.28235 13.5767 0
10 20 29.9578 0 0 0.2503 13.627 0
10 20 29.9703 0 0 0.2503 13.6773 0
10 20 29.9832 0 0 0.2503 13.7276 0
10 20 29.9957 0 0 0.2503 13.778 0
10 20 30 0.0507733 0.0507733 0.0119 13.8282 1
9.99333 19.9933 29.9984 0.206507 0.206507 0.0484 13.8785 1
9.97833 19.9783 29.9949 0.36544 0.36544 0.08565 13.9289 1
9.95667 19.9567 29.9898 0.521173 0.521173 0.12215 13.9793 1
9.92667 19.9267 29.9828 0.676907 0.676907 0.15865 14.0296 1
9.88833 19.8883 29.9738 0.836053 0.836053 0.19595 14.0799 0
9.84167 19.8417 29.9629 0.991787 0.991787 0.23245 14.1302 0
9.78833 19.7883 29.9504 1.14752 1.14752 0.26895 14.1806 0
9.72667 19.7267 29.9359 1.30645 1.30645 0.3062 14.2309 0
9.65667 19.6567 29.9195 1.46219 1.46219 0.3427 14.2813 0
9.57833 19.5783 29.9012 1.62112 1.62112 0.37995 14.3316 0
9.49333 19.4933 29.8813 1.77685 1.77685 0.41645 14.382 0
9.4 19.4 29.8594 1.93259 1.93259 0.45295 14.4324 0
9.29833 19.2983 29.8355 2.09152 2.09152 0.4902 14.4826 0
9.18833 19.1883 29.8098 2.24747 2.24747 0.52675 14.5329 0
9.07167 19.0717 29.7824 2.4032 2.4032 0.56325 14.5833 0
8.94667 18.9467 29.7531 2.56213 2.56213 0.6005 14.6336 0
8.81333 18.8133 29.7219 2.71787 2.71787 0.637 14.684 0
8.64167 18.6417 29.6816 2.90539 2.90539 0.68095 14.7344 0
8.49167 18.4917 29.6465 3.06432 3.06432 0.7182 14.7846 0
8.33333 18.3333 29.6094 3.22005 3.22005 0.7547 14.835 0
8.16667 18.1667 29.5703 3.376 3.376 0.79125 14.8854 0
8.005 18.005 29.5324 3.52213 3.52213 0.8255 14.9357 0
7.81 17.81 29.4867 3.69067 3.69067 0.865 14.9861 0
7.62 17.62 29.4422 3.8464 3.8464 0.9015 15.0364 0
7.42167 17.4217 29.3957 4.00533 4.00533 0.93875 15.0867 0
7.215 17.215 29.3473 4.16107 4.16107 0.97525 15.137 0
7.00167 17.0017 29.2973 4.3168 4.3168 1.01175 15.1874 0
6.77833 16.7783 29.2449 4.47573 4.47573 1.049 15.2378 0
6.54833 16.5483 29.191 4.63147 4.63147 1.0855 15.2881 0
6.31167 16.3117 29.1355 4.78741 4.78741 1.12205 15.3385 0
6.065 16.065 29.0777 4.94635 4.94635 1.1593 15.3889 0
5.81167 15.8117 29.0184 5.10208 5.10208 1.1958 15.4393 0
5.55 15.55 28.957 5.25781 5.25781 1.2323 15.4896 0
5.28 15.28 28.8937 5.41675 5.41675 1.26955 15.5399 0
5.00333 15.0033 28.8289 5.56928 5.57248 1.30605 15.5903 0
4.725 14.7183 28.7621 5.41355 5.73141 1.3433 15.6406 0
4.45667 14.425 28.6934 5.25461 5.88715 1.3798 15.6908 0
4.195 14.1233 28.6227 5.09888 6.04309 1.41635 15.7412 0
3.94 13.8133 28.55 4.94315 6.20203 1.4536 15.7915 0
3.695 13.4967 28.4758 4.78421 6.35776 1.4901 15.8418 0
3.45667 13.1717 28.3996 4.62848 6.51349 1.5266 15.892 0
3.22667 12.8383 28.3215 4.47253 6.67243 1.56385 15.9423 0
3.005 12.4983 28.2418 4.3136 6.82816 1.60035 15.9924 0
2.79 12.1483 28.1598 4.15787 6.98389 1.63685 16.0426 0
2.58333 11.7917 28.0762 3.99893 7.14283 1.6741 16.0928 0
2.385 11.4267 27.9906 3.8432 7.29877 1.71065 16.1431 0
2.195 11.055 27.9035 3.68747 7.45451 1.74715 16.1934 0
2.01167 10.675 27.8145 3.52853 7.61344 1.7844 16.2435 0
1.83833 10.2867 27.7234 3.3728 7.76917 1.8209 16.2938 0
1.67167 9.89 27.6305 3.21685 7.83275 1.8574 16.3441 0
1.48167 9.42 27.5164 3.02933 7.64523 1.9021 16.3944 0
1.33167 9.03833 27.4195 2.8704 7.48629 1.9386 16.4447 0
1.19167 8.66333 27.3207 2.71467 7.33056 1.9751 16.495 0
1.05833 8.29667 27.2199 2.55893 7.17461 2.0124 16.5453 0
0.931667 7.93833 27.1172 2.4 7.01568 2.0489 16.5957 0
0.815 7.58833 27.0129 2.24427 6.85995 2.0854 16.6461 0
0.705 7.245 26.9066 2.08853 6.70421 2.12265 16.6964 0
0.603333 6.91 26.7984 1.9296 6.54528 2.15915 16.7467 0
0.51 6.58333 26.6887 1.77365 6.38955 2.19565 16.7971 0
0.423333 6.26333 26.5766 1.61472 6.23381 2.2329 16.8474 0
0.346667 5.95333 26.4629 1.45899 6.07488 2.2694 16.8977 0
0.276667 5.65 26.3473 1.30325 5.91893 2.30595 16.948 0
0.215 5.355 26.2301 1.14432 5.76 2.3432 16.9984 0
0.16 5.06667 26.1105 1.06795 5.60427 2.3797 17.0488 0
0.105 4.78833 25.9895 1.06795 5.44853 2.4162 17.0991 0
0.0516667 4.51667 25.8664 1.06795 5.2896 2.45345 17.1494 0
0 4.25333 25.7418 0 5.13387 2.48995 17.1998 0
0 3.99667 25.6148 0 4.97813 2.52645 17.2501 0
0 3.75 25.4863 0 4.8192 2.5637 17.3005 0
0 3.51 25.3563 0 4.66347 2.60025 17.3509 0
0 3.27833 25.2238 0 4.50752 2.63675 17.4013 0
0 3.05333 25.0898 0 4.34859 2.674 17.4516 0
0 2.83833 24.9539 0 4.19285 2.7105 17.5019 0
0 2.63 24.816 0 4.03712 2.747 17.5523 0
0 2.43 24.6762 0 3.87819 2.78425 17.6026 0
0 2.23833 24.5348 0 3.72245 2.82075 17.6529 0
0 2.05333 24.3914 0 3.56672 2.85725 17.7032 0
0 1.87667 24.2461 0 3.40779 2.89455 17.7536 0
0 1.70833 24.0988 0 3.25184 2.93105 17.8039 0
0 1.54833 23.95 0 3.09611 2.96755 17.8541 0
0 1.36667 23.7687 0 2.90859 3.01225 17.9043 0
0 1.22333 23.6156 0 2.74965 3.04875 17.9544 0
0 1.08833 23.4609 0 2.59392 3.08525 18.0046 0
0 0.96 23.3039 0 2.43819 3.1225 18.0547 0
0 0.845 23.1508 0 2.28544 3.15755 18.105 0
0 0.73 22.9852 0 2.12331 3.19555 18.1552 0
0 0.626667 22.8227 0 1.96757 3.2328 18.2055 0
0 0.531667 22.6586 0 1.80864 3.2693 18.2558 0
0 0.443333 22.4926 0 1.65291 3.3058 18.3061 0
0 0.363333 22.3246 0 1.49717 3.34305 18.3564 0
0 0.291667 22.1551 0 1.33824 3.37955 18.4067 0
0 0.228333 21.9832 0 1.18251 3.41605 18.4571 0
0 0.171667 21.8098 0 1.06795 3.4533 18.5075 0
0 0.118333 21.6348 0 1.06795 3.48985 18.5579 0
0 0.0633333 21.4574 0 1.06795 3.52635 18.6082 0
0 0.01 21.2785 0 1.06795 3.5636 18.6586 0
0 0 21.0977 0 0 3.6001 18.7091 0
0 0 20.9148 0 0 3.6366 18.7594 0
0 0 20.7305 0 0 3.6731 18.8098 0
0 0 20.5441 0 0 3.71035 18.8602 0
0 0 20.3559 0 0 3.74685 18.9106 0
0 0 20.1656 0 0 3.7834 18.961 0
0 0 19.9738 0 0 3.82065 19.0113 0
0 0 19.7797 0 0 3.85715 19.0617 0
0 0 19.584 0 0 3.89365 19.1119 0
0 0 19.3863 0 0 3.9309 19.1623 0
0 0 19.1871 0 0 3.9674 19.2127 0
0 0 18.9855 0 0 4.0039 19.2631 0
0 0 18.7828 0 0 4.04115 19.3135 0
0 0 18.5777 0 0 4.0777 19.3638 0
0 0 18.3711 0 0 4.1142 19.4143 0
0 0 18.1238 0 0 4.15815 19.4647 0
0 0 17.9094 0 0 4.1954 19.515 0
0 0 17.6969 0 0 4.2319 19.5655 0
0 0 17.482 0 0 4.2684 19.6159 0
0 0 17.2656 0 0 4.30565 19.6663 0
0 0 17.0473 0 0 4.34215 19.7165 0
0 0 16.827 0 0 4.3787 19.767 0
0 0 16.6051 0 0 4.41595 19.8173 0
0 0 16.3809 0 0 4.45245 19.8677 0
0 0 16.1555 0 0 4.48895 19.918 0
0 0 15.9277 0 0 4.5262 19.9684 0
0 0 15.698 0 0 4.5627 20.0188 0
0 0 15.4668 0 0 4.5992 20.0692 0
0 0 15.2336 0 0 4.63645 20.1195 0
0 0 14.9984 0 0 4.67075 20.1699 0
0 0 14.7637 0 0 4.63425 20.2201 0
0 0 14.5305 0 0 4.59775 20.2704 0
0 0 14.2992 0 0 4.5605 20.3207 0
0 0 14.0699 0 0 4.52395 20.3711 0
0 0 13.8422 0 0 4.48745 20.4215 0
0 0 13.6164 0 0 4.4502 20.4718 0
0 0 13.3926 0 0 4.4137 20.5221 0
0 0 13.1707 0 0 4.3772 20.5722 0
0 0 12.9504 0 0 4.33995 20.6223 0
0 0 12.7324 0 0 4.30345 20.6725 0
0 0 12.516 0 0 4.2669 20.7226 0
0 0 12.3012 0 0 4.2304 20.7728 0
0 0 12.0887 0 0 4.19315 20.823 0
0 0 11.8777 0 0 4.15665 20.8732 0
0 0 11.6687 0 0 4.12015 20.9234 0
0 0 11.4613 0 0 4.0829 20.9738 0
0 0 11.2559 0 0 4.0464 21.024 0
0 0 11.0117 0 0 4.00245 21.0744 0
0 0 10.8105 0 0 3.96515 21.1247 0
0 0 10.6109 0 0 3.92865 21.1751 0
0 0 10.4133 0 0 3.89215 21.2254 0
0 0 10.2176 0 0 3.8549 21.2758 0
0 0 10.0238 0 0 3.8184 21.3262 0
0 0 9.83203 0 0 3.7819 21.3765 0
0 0 9.6418 0 0 3.74465 21.4269 0
0 0 9.45352 0 0 3.70815 21.4772 0
0 0 9.26719 0 0 3.6716 21.5276 0
0 0 9.08242 0 0 3.63435 21.578 0
0 0 8.89961 0 0 3.59785 21.6283 0
0 0 8.71914 0 0 3.56135 21.6787 0
0 0 8.53984 0 0 3.5241 21.7291 0
0 0 8.36289 0 0 3.4876 21.7795 0
0 0 8.1875 0 0 3.4511 21.8299 0
0 0 8.01406 0 0 3.41385 21.8803 0
0 0 7.84258 0 0 3.3773 21.9307 0
0 0 7.67305 0 0 3.3408 21.981 0
0 0 7.50508 0 0 3.30355 22.0314 0
0 0 7.33906 0 0 3.26705 22.0817 0
0 0 7.17461 0 0 3.23055 22.1321 0
0 0 7.0125 0 0 3.1933 22.1825 0
0 0 6.85195 0 0 3.1568 22.2329 0
0 0 6.69336 0 0 3.1203 22.2833 0
0 0 6.53672 0 0 3.08305 22.3336 0
0 0 6.38203 0 0 3.0465 22.3839 0
0 0 6.22891 0 0 3.01 22.4342 0
0 0 6.04766 0 0 2.96605 22.4845 0
0 0 5.89883 0 0 2.9288 22.5349 0
0 0 5.75195 0 0 2.8923 22.5853 0
0 0 5.60664 0 0 2.8558 22.6356 0
0 0 5.46328 0 0 2.81855 22.6859 0
0 0 5.32188 0 0 2.782 22.7362 0
0 0 5.18203 0 0 2.7455 22.7866 0
0 0 5.04414 0 0 2.70825 22.837 0
0 0 4.9082 0 0 2.67175 22.8874 0
0 0 4.77422 0 0 2.6345 22.9378 0
0 0 4.6418 0 0 2.598 22.9882 0
0 0 4.51172 0 0 2.5615 23.0386 0
0 0 4.3832 0 0 2.52425 23.089 0
0 0 4.25625 0 0 2.4877 23.1393 0
0 0 4.13164 0 0 2.4512 23.1896 0
0 0 4.00859 0 0 2.41395 23.24 0
0 0 3.8875 0 0 2.37745 23.2904 0
0 0 3.76836 0 0 2.34095 23.3407 0
0 0 3.65078 0 0 2.3037 23.3911 0
0 0 3.53555 0 0 2.2672 23.4415 0
0 0 3.42188 0 0 2.2307 23.4918 0
0 0 3.31016 0 0 2.19345 23.5421 0
0 0 3.2 0 0 2.1569 23.5925 0
0 0 3.09219 0 0 2.1204 23.6428 0
0 0 2.98594 0 0 2.08315 23.6932 0
0 0 2.88164 0 0 2.04665 23.7436 0
0 0 2.77891 0 0 2.01015 23.794 0
0 0 2.65859 0 0 1.9662 23.8444 0
0 0 2.56016 0 0 1.92895 23.8948 0
0 0 2.46328 0 0 1.8924 23.9451 0
0 0 2.36875 0 0 1.8559 23.9954 0
0 0 2.27578 0 0 1.81865 24.0457 0
0 0 2.18477 0 0 1.78215 24.096 0
0 0 2.0957 0 0 1.74565 24.1463 0
0 0 2.00859 0 0 1.7084 24.1965 0
0 0 1.92305 0 0 1.6719 24.2469 0
0 0 1.83945 0 0 1.6354 24.2973 0
0 0 1.75781 0 0 1.5981 24.3477 0
0 0 1.67773 0 0 1.5616 24.398 0
0 0 1.6 0 0 1.5251 24.4484 0
0 0 1.52383 0 0 1.48785 24.4988 0
0 0 1.44961 0 0 1.45135 24.5492 0
0 0 1.37695 0 0 1.41485 24.5995 0
0 0 1.30664 0 0 1.3776 24.6499 0
0 0 1.23789 0 0 1.3411 24.7003 0
0 0 1.17109 0 0 1.30455 24.7507 0
0 0 1.10586 0 0 1.2673 24.801 0
0 0 1.04297 0 0 1.2308 24.8513 0
0 0 0.981641 0 0 1.1943 24.9017 0
0 0 0.922266 0 0 1.15705 24.9519 0
0 0 0.864453 0 0 1.12055 25.0023 0
0 0 0.808984 0 0 1.08405 25.0527 0
0 0 0.755078 0 0 1.0468 25.1031 0
0 0 0.703125 0 0 1.01025 25.1534 0
0 0 0.652734 0 0 0.97375 25.2038 0
0 0 0.604688 0 0 0.9365 25.2541 0
0 0 0.549219 0 0 0.89255 25.3045 0
0 0 0.504687 0 0 0.85605 25.3549 0
0 0 0.4625 0 0 0.8188 25.4053 0
0 0 0.425 0 0 0.78525 25.4556 0
0 0 0.383203 0 0 0.7458 25.5058 0
0 0 0.346484 0 0 0.70855 25.5561 0
0 0 0.311719 0 0 0.672 25.6064 0
0 0 0.278516 0 0 0.6355 25.6568 0
0 0 0.247266 0 0 0.59825 25.707 0
0 0 0.217969 0 0 0.56175 25.7571 0
0 0 0.190625 0 0 0.52525 25.8073 0
0 0 0.164844 0 0 0.488 25.8574 0
0 0 0.141016 0 0 0.4515 25.9076 0
0 0 0.119141 0 0 0.41495 25.9578 0
0 0 0.0992187 0 0 0.3777 26.008 0
0 0 0.0808594 0 0 0.3412 26.0583 0
0 0 0.0644531 0 0 0.3047 26.1085 0
0 0 0.05 0 0 0.26745 26.1587 0
0 0 0.0371094 0 0 0.2503 26.209 0
0 0 0.0246094 0 0 0.2503 26.2593 0
0 0 0.0121094 0 0 0.2503 26.3097 0
0 0 0 0 0 0 26.36 0
0.00166667 0.00166667 0.000390625 0.114347 0.114347 0.0268 26.4103 1
0.0116667 0.0116667 0.00273437 0.27008 0.27008 0.0633 26.4607 1
0.0283333 0.0283333 0.00664063 0.425813 0.425813 0.0998 26.511 0
0.055 0.055 0.0128906 0.584747 0.584747 0.13705 26.5613 0
0.0883333 0.0883333 0.0207031 0.74048 0.74048 0.17355 26.6117 0
0.128333 0.128333 0.0300781 0.896427 0.896427 0.2101 26.6621 0
0.178333 0.178333 0.0417969 1.05536 1.05536 0.24735 26.7124 0
0.235 0.235 0.0550781 1.21109 1.21109 0.28385 26.7627 0
0.3 0.3 0.0703125 1.36683 1.36683 0.32035 26.8131 0
0.373333 0.373333 0.0875 1.52576 1.52576 0.3576 26.8634 0
0.453333 0.453333 0.10625 1.68149 1.68149 0.3941 26.9138 0
0.541667 0.541667 0.126953 1.83723 1.83723 0.4306 26.9642 0
0.66 0.66 0.154687 2.02795 2.02795 0.4753 27.0144 0
0.765 0.765 0.179297 2.18389 2.18389 0.51185 27.0647 0
0.88 0.88 0.20625 2.33963 2.33963 0.54835 27.1151 0
1.00167 1.00167 0.234766 2.49856 2.49856 0.5856 27.1655 0
1.13167 1.13167 0.265234 2.65429 2.65429 0.6221 27.2158 0
1.27 1.27 0.297656 2.81003 2.81003 0.6586 27.2662 0
1.415 1.415 0.331641 2.96896 2.96896 0.69585 27.3166 0
1.57 1.57 0.367969 3.12469 3.12469 0.73235 27.367 0
1.73167 1.73167 0.405859 3.28043 3.28043 0.76885 27.4172 0
1.9 1.9 0.445312 3.43957 3.43957 0.80615 27.4676 0
2.07833 2.07833 0.487109 3.59531 3.59531 0.84265 27.518 0
2.26333 2.26333 0.530469 3.75104 3.75104 0.87915 27.5684 0
2.45667 2.45667 0.575781 3.90997 3.90997 0.9164 27.6187 0
2.65833 2.65833 0.623047 4.06571 4.06571 0.9529 27.6691 0
2.86667 2.86667 0.671875 4.22144 4.22144 0.9894 27.7195 0
3.085 3.085 0.723047 4.38037 4.38037 1.02665 27.7698 0
3.31 3.31 0.775781 4.53611 4.53611 1.06315 27.8202 0
3.54333 3.54333 0.830469 4.69205 4.69205 1.0997 27.8706 0
3.78333 3.78333 0.886719 4.85099 4.85099 1.13695 27.9209 0
4.03167 4.03167 0.944922 5.00672 5.00672 1.17345 27.9713 0
4.29 4.29 1.00547 5.16245 5.16245 1.20995 28.0216 0
4.55333 4.55333 1.06719 5.32139 5.32139 1.2472 28.0719 0
4.82667 4.82667 1.13125 5.47712 5.47712 1.2837 28.1222 0
5.10667 5.10667 1.19687 5.50891 5.63285 1.3202 28.1725 0
5.38 5.395 1.26445 5.34997 5.79179 1.35745 28.2228 0
5.64667 5.69167 1.33398 5.19424 5.94773 1.394 28.2731 0
5.905 5.99667 1.40547 5.03851 6.10347 1.4305 28.3235 0
6.15667 6.30833 1.47852 4.87957 6.2624 1.46775 28.3739 0
6.39833 6.62833 1.55352 4.72384 6.41813 1.50425 28.4243 0
6.68 7.02333 1.64609 4.53611 6.60565 1.5482 28.4746 0
6.905 7.36167 1.72539 4.37717 6.76459 1.58545 28.525 0
7.12333 7.70667 1.80625 4.22144 6.92032 1.62195 28.5754 0
7.33167 8.06 1.88906 4.06571 7.07605 1.65845 28.6257 0
7.53333 8.42167 1.97383 3.90677 7.2352 1.69575 28.676 0
7.72833 8.79 2.06016 3.75104 7.39093 1.73225 28.7264 0
7.91333 9.16833 2.14883 3.59531 7.54667 1.76875 28.7766 0
8.09167 9.55333 2.23906 3.43637 7.7056 1.806 28.827 0
8.26167 9.945 2.33086 3.28043 7.86133 1.8425 28.8774 0
8.42333 10.3417 2.425 3.12469 7.74059 1.879 28.9277 0
8.57667 10.7283 2.5207 2.96576 7.58485 1.91625 28.9781 0
8.72333 11.1083 2.61875 2.81003 7.42592 1.95275 29.0283 0
8.86167 11.4783 2.71797 2.65429 7.26997 1.9893 29.0784 0
8.99167 11.8417 2.81953 2.49536 7.11424 2.02655 29.1286 0
9.11333 12.1983 2.92266 2.33963 6.95531 2.06305 29.1787 0
9.22833 12.545 3.02773 2.18389 6.79957 2.09955 29.2289 0
9.335 12.885 3.13477 2.02496 6.64384 2.1368 29.2792 0
9.43333 13.2167 3.24375 1.86901 6.48491 2.1733 29.3295 0
9.525 13.5417 3.3543 1.71328 6.32917 2.2098 29.3798 0
9.60667 13.8567 3.46719 1.55435 6.17024 2.24705 29.4302 0
9.68167 14.165 3.58164 1.39861 6.01429 2.2836 29.4805 0
9.74833 14.465 3.69766 1.24288 5.85856 2.3201 29.5308 0
9.80833 14.7583 3.81602 1.08395 5.69963 2.35735 29.5812 0
9.86167 15.0417 3.93594 1.06795 5.54389 2.39385 29.6316 0
9.915 15.3183 4.05781 1.06795 5.38816 2.43035 29.6819 0
9.97 15.5867 4.18164 1.06795 5.22923 2.4676 29.7322 0
10 15.8467 4.30703 0 5.07349 2.5041 29.7825 0
10 16.1 4.43477 0 4.91776 2.54135 29.8329 0
10 16.345 4.56367 0 4.75883 2.5779 29.8832 0
10 16.5817 4.69492 0 4.60288 2.6144 29.9336 0
10 16.81 4.82773 0 4.44715 2.65165 29.9839 0
10 17.03 4.96289 0 4.28821 2.68815 30.0343 0
10 17.285 5.12695 0 4.10069 2.7321 30.0846 0
10 17.4883 5.26602 0 3.94496 2.7686 30.1349 0
10 17.685 5.40703 0 3.78603 2.80585 30.1852 0
10 17.8717 5.54961 0 3.63029 2.84235 30.2356 0
10 18.0517 5.69414 0 3.47435 2.8796 30.2859 0
10 18.2233 5.84062 0 3.31541 2.91615 30.3362 0
10 18.3867 5.98867 0 3.15968 2.95265 30.3866 0
10 18.5433 6.13906 0 3.00395 2.9899 30.437 0
10 18.6917 6.29102 0 2.84501 3.0264 30.4874 0
10 18.8317 6.44453 0 2.68928 3.0629 30.5378 0
10 18.9633 6.60039 0 2.53355 3.10015 30.5882 0
10 19.0867 6.75781 0 2.37461 3.13665 30.6386 0
10 19.2033 6.91719 0 2.21888 3.1732 30.689 0
10 19.3117 7.07852 0 2.06293 3.21045 30.7394 0
10 19.4117 7.2418 0 1.904 3.24695 30.7899 0
10 19.505 7.40664 0 1.74827 3.28345 30.8403 0
10 19.5883 7.57344 0 1.58933 3.3207 30.8906 0
10 19.665 7.74219 0 1.4336 3.3572 30.941 0
10 19.735 7.91289 0 1.27787 3.3937 30.9914 0
10 19.795 8.08516 0 1.11893 3.43095 31.0417 0
10 19.85 8.25937 0 1.06795 3.4675 31.0921 0
10 19.9033 8.43555 0 1.06795 3.504 31.1425 0
10 19.9567 8.61367 0 1.06795 3.54125 31.1928 0
10 20 8.79336 0 0 3.57775 31.2431 0
10 20 8.975 0 0 3.615 31.2934 0
10 20 9.15859 0 0 3.6515 31.3438 0
10 20 9.34375 0 0 3.688 31.3941 0
10 20 9.56875 0 0 3.73195 31.4444 0
10 20 9.7582 0 0 3.7692 31.4947 0
10 20 9.94922 0 0 3.80575 31.5451 0
10 20 10.1426 0 0 3.84225 31.5953 0
10 20 10.3375 0 0 3.8795 31.6457 0
10 20 10.534 0 0 3.916 31.696 0
10 20 10.7328 0 0 3.9525 31.7464 0
10 20 10.9332 0 0 3.98975 31.7968 0
10 20 11.1359 0 0 4.02625 31.8472 0
10 20 11.3402 0 0 4.0628 31.8975 0
10 20 11.5461 0 0 4.10005 31.9478 0
10 20 11.7543 0 0 4.13655 31.9982 0
10 20 11.9641 0 0 4.17305 32.0486 0
10 20 12.1758 0 0 4.2103 32.099 0
10 20 12.3895 0 0 4.2468 32.1494 0
10 20 12.6047 0 0 4.2833 32.1998 0
10 20 12.8223 0 0 4.32055 32.2502 0
10 20 13.0414 0 0 4.35705 32.3005 0
10 20 13.2621 0 0 4.3936 32.3509 0
10 20 13.4852 0 0 4.43085 32.4013 0
10 20 13.7098 0 0 4.46735 32.4516 0
10 20 13.9363 0 0 4.50385 32.502 0
10 20 14.1648 0 0 4.5411 32.5524 0
10 20 14.3953 0 0 4.5776 32.6028 0
10 20 14.6273 0 0 4.6141 32.6532 0
10 20 14.8613 0 0 4.65135 32.7036 0
10 20 15.0969 0 0 4.65585 32.7539 0
10 20 15.3313 0 0 4.61935 32.8043 0
10 20 15.6102 0 0 4.5754 32.8547 0
10 20 15.8402 0 0 4.5381 32.905 0
10 20 16.0688 0 0 4.5016 32.9553 0
10 20 16.2953 0 0 4.4651 33.0057 0
10 20 16.5199 0 0 4.42785 33.0561 0
10 20 16.743 0 0 4.39135 33.1064 0
10 20 16.9637 0 0 4.35485 33.1569 0
10 20 17.1828 0 0 4.3176 33.2073 0
10 20 17.4004 0 0 4.2811 33.2577 0
10 20 17.6156 0 0 4.24455 33.308 0
10 20 17.8293 0 0 4.2073 33.3584 0
10 20 18.041 0 0 4.1708 33.4088 0
10 20 18.2508 0 0 4.1343 33.4592 0
10 20 18.459 0 0 4.09705 33.5096 0
10 20 18.6652 0 0 4.06055 33.56 0
10 20 18.8695 0 0 4.02405 33.6104 0
10 20 19.0719 0 0 3.9868 33.6608 0
10 20 19.2727 0 0 3.95025 33.7111 0
10 20 19.4715 0 0 3.913 33.7614 0
10 20 19.6684 0 0 3.8765 33.8118 0
10 20 19.8633 0 0 3.84 33.8622 0
10 20 20.0562 0 0 3.80275 33.9125 0
10 20 20.2477 0 0 3.76625 33.9629 0
10 20 20.4371 0 0 3.72975 34.0132 0
10 20 20.6246 0 0 3.6925 34.0635 0
10 20 20.8102 0 0 3.65595 34.1139 0
10 20 20.9941 0 0 3.61945 34.1643 0
10 20 21.2121 0 0 3.5755 34.2147 0
10 20 21.3918 0 0 3.53825 34.265 0
10 20 21.5699 0 0 3.50175 34.3154 0
10 20 21.7457 0 0 3.4645 34.3658 0
10 20 21.9199 0 0 3.428 34.4162 0
10 20 22.0922 0 0 3.3915 34.4665 0
10 20 22.2625 0 0 3.35495 34.5169 0
10 20 22.4312 0 0 3.3177 34.5672 0
10 20 22.598 0 0 3.2812 34.6176 0
10 20 22.7629 0 0 3.2447 34.6678 0
10 20 22.9258 0 0 3.20745 34.7182 0
10 20 23.0871 0 0 3.17095 34.7686 0
10 20 23.2465 0 0 3.1337 34.8191 0
10 20 23.4039 0 0 3.0972 34.8694 0
10 20 23.5594 0 0 3.06065 34.9198 0
10 20 23.7133 0 0 3.0234 34.9701 0
10 20 23.8652 0 0 2.9869 35.0205 0
10 20 24.0152 0 0 2.9504 35.0709 0
10 20 24.1633 0 0 2.91315 35.1213 0
10 20 24.3098 0 0 2.87665 35.1717 0
10 20 24.4543 0 0 2.84015 35.2221 0
10 20 24.5969 0 0 2.8029 35.2725 0
10 20 24.7375 0 0 2.7664 35.3228 0
10 20 24.8766 0 0 2.72985 35.3732 0
10 20 25.0137 0 0 2.6926 35.4236 0
10 20 25.1488 0 0 2.6561 35.474 0
10 20 25.282 0 0 2.6196 35.5244 0
10 20 25.4395 0 0 2.5749 35.5747 0
10 20 25.5688 0 0 2.5384 35.625 0
10 20 25.6961 0 0 2.5019 35.6754 0
10 20 25.8219 0 0 2.46465 35.7258 0
10 20 25.9453 0 0 2.4281 35.7762 0
10 20 26.0672 0 0 2.3916 35.8266 0
10 20 26.1871 0 0 2.35435 35.8769 0
10 20 26.3055 0 0 2.31785 35.9273 0
10 20 26.4152 0 0 2.28285 35.9777 0
10 20 26.5359 0 0 2.2441 36.0281 0
10 20 26.6484 0 0 2.2076 36.0784 0
10 20 26.759 0 0 2.17105 36.1288 0
10 20 26.8676 0 0 2.1338 36.1792 0
10 20 26.9746 0 0 2.0973 36.2296 0
10 20 27.0797 0 0 2.0608 36.28 0
10 20 27.1828 0 0 2.02355 36.3304 0
10 20 27.2844 0 0 1.98705 36.3808 0
10 20 27.3836 0 0 1.95055 36.4312 0
10 20 27.4813 0 0 1.9133 36.4815 0
10 20 27.5773 0 0 1.8768 36.5319 0
10 20 27.6711 0 0 1.84025 36.5823 0
10 20 27.7629 0 0 1.803 36.6326 0
10 20 27.8531 0 0 1.7665 36.683 0
10 20 27.9414 0 0 1.73 36.7334 0
10 20 28.0281 0 0 1.69275 36.7838 0
10 20 28.1125 0 0 1.65625 36.8341 0
10 20 28.1953 0 0 1.61975 36.8844 0
10 20 28.2922 0 0 1.57505 36.9347 0
10 20 28.3711 0 0 1.5385 36.9851 0
10 20 28.448 0 0 1.502 37.0355 0
10 20 28.523 0 0 1.46475 37.0857 0
10 20 28.5961 0 0 1.42825 37.1361 0
10 20 28.6672 0 0 1.39175 37.1865 0
10 20 28.7367 0 0 1.3545 37.2368 0
10 20 28.8043 0 0 1.318 37.2871 0
10 20 28.8699 0 0 1.28145 37.3374 0
10 20 28.934 0 0 1.2442 37.3876 0
10 20 28.9957 0 0 1.2077 37.4377 0
10 20 29.0559 0 0 1.1712 37.4879 0
10 20 29.1141 0 0 1.13395 37.5381 0
10 20 29.1707 0 0 1.09745 37.5884 0
10 20 29.225 0 0 1.06095 37.6386 0
10 20 29.2777 0 0 1.0237 37.6889 0
10 20 29.3285 0 0 0.9872 37.7392 0
10 20 29.3777 0 0 0.95065 37.7895 0
10 20 29.425 0 0 0.9134 37.8397 0
10 20 29.4699 0 0 0.8769 37.8901 0
10 20 29.5137 0 0 0.8404 37.9404 0
10 20 29.5551 0 0 0.80315 37.9908 0
10 20 29.5949 0 0 0.76665 38.0412 0
10 20 29.6328 0 0 0.73015 38.0914 0
10 20 29.6688 0 0 0.6929 38.1418 0
10 20 29.7027 0 0 0.65635 38.1922 0
10 20 29.7352 0 0 0.61985 38.2426 0
10 20 29.7656 0 0 0.5826 38.2929 0
10 20 29.7941 0 0 0.5461 38.3433 0
10 20 29.8207 0 0 0.5096 38.3937 0
10 20 29.8457 0 0 0.47235 38.4441 0
10 20 29.8684 0 0 0.43585 38.4943 0
10 20 29.8937 0 0 0.3919 38.5447 0
10 20 29.9125 0 0 0.3546 38.5951 0
10 20 29.9297 0 0 0.3181 38.6455 0
10 20 29.9449 0 0 0.2816 38.6958 0
10 20 29.9582 0 0 0.2503 38.7462 0
10 20 29.9707 0 0 0.2503 38.7966 0
10 20 29.9836 0 0 0.2503 38.847 0
10 20 29.9961 0 0 0.2503 38.8974 0
10 20 30 0.0507733 0.0507733 0.0119 38.9477 1
9.99333 19.9933 29.9984 0.206507 0.206507 0.0484 38.9981 1
9.97833 19.9783 29.9949 0.36544 0.36544 0.08565 39.0484 1
9.95667 19.9567 29.9898 0.521173 0.521173 0.12215 39.0987 1
9.92667 19.9267 29.9828 0.676907 0.676907 0.15865 39.1491 0
9.88833 19.8883 29.9738 0.836053 0.836053 0.19595 39.1994 0
9.84167 19.8417 29.9629 0.991787 0.991787 0.23245 39.2497 0
9.78833 19.7883 29.9504 1.14752 1.14752 0.26895 39.3001 0
9.73 19.73 29.9367 1.30005 1.30005 0.3047 39.3505 0
9.65667 19.6567 29.9195 1.46219 1.46219 0.3427 39.4009 0
9.57833 19.5783 29.9012 1.62112 1.62112 0.37995 39.4514 0
9.49333 19.4933 29.8813 1.77685 1.77685 0.41645 39.5017 0
9.4 19.4 29.8594 1.93259 1.93259 0.45295 39.5521 0
9.29833 19.2983 29.8355 2.09152 2.09152 0.4902 39.6025 0
9.18833 19.1883 29.8098 2.24747 2.24747 0.52675 39.6529 0
9.07167 19.0717 29.7824 2.4032 2.4032 0.56325 39.7032 0
8.94667 18.9467 29.7531 2.56213 2.56213 0.6005 39.7536 0
8.81333 18.8133 29.7219 2.71787 2.71787 0.637 39.804 0
8.67167 18.6717 29.6887 2.8736 2.8736 0.6735 39.8544 0
8.49167 18.4917 29.6465 3.06432 3.06432 0.7182 39.9048 0
8.33333 18.3333 29.6094 3.22005 3.22005 0.7547 39.9551 0
8.16667 18.1667 29.5703 3.376 3.376 0.79125 40.0055 0
8.01833 18.0183 29.5355 3.50933 3.50933 0.8225 40.0558 0
7.81 17.81 29.4867 3.69067 3.69067 0.865 40.1062 0
7.63167 17.6317 29.4449 3.8368 3.8368 0.89925 40.1565 0
7.42 17.42 29.3953 4.00533 4.00533 0.93875 40.2069 0
7.215 17.215 29.3473 4.16107 4.16107 0.97525 40.2573 0
7 17 29.2969 4.32 4.32 1.0125 40.3077 0
6.79667 16.7967 29.2492 4.46315 4.46315 1.04605 40.358 0
6.54833 16.5483 29.191 4.63147 4.63147 1.0855 40.4083 0
6.31 16.31 29.1352 4.79061 4.79061 1.1228 40.4587 0
6.06333 16.0633 29.0773 4.94635 4.94635 1.1593 40.509 0
5.81 15.81 29.018 5.10208 5.10208 1.1958 40.5593 0
5.54833 15.5483 28.9566 5.26101 5.26101 1.23305 40.6096 0
5.27833 15.2783 28.8934 5.41675 5.41675 1.26955 40.66 0
5 15 28.8281 5.56928 5.57568 1.3068 40.7103 0
4.72333 14.715 28.7613 5.41035 5.73141 1.3433 40.7606 0
4.45333 14.4217 28.6926 5.25461 5.88715 1.3798 40.8109 0
4.19167 14.12 28.6219 5.09568 6.04629 1.4171 40.8612 0
3.93833 13.8117 28.5496 4.93995 6.20203 1.4536 40.9116 0
3.69167 13.4933 28.475 4.78421 6.35776 1.4901 40.9619 0
3.45333 13.1683 28.3988 4.62528 6.51669 1.52735 41.0122 0
3.22333 12.835 28.3207 4.46955 6.67243 1.56385 41.0625 0
3.00167 12.495 28.241 4.3136 6.82816 1.60035 41.1128 0
2.78833 12.145 28.159 4.15467 6.98709 1.6376 41.1632 0
2.58167 11.7883 28.0754 3.99893 7.14283 1.6741 41.2135 0
2.38333 11.4233 27.9898 3.8432 7.29877 1.71065 41.2639 0
2.19333 11.0517 27.9027 3.68427 7.45771 1.7479 41.3142 0
1.975 10.5933 27.7953 3.49675 7.64523 1.79185 41.3645 0
1.80167 10.2033 27.7039 3.34101 7.80096 1.82835 41.4149 0
1.63667 9.80667 27.6105 3.18208 7.79776 1.8656 41.4652 0
1.48 9.41667 27.5152 3.02613 7.64203 1.9021 41.5155 0
1.33 9.03333 27.4184 2.8704 7.48629 1.93935 41.566 0
1.19 8.66 27.3195 2.71147 7.32736 1.97585 41.6163 0
1.05667 8.29333 27.2188 2.55573 7.17163 2.0124 41.6666 0
0.93 7.93333 27.116 2.4 7.01568 2.04965 41.717 0
0.813333 7.58333 27.0117 2.24107 6.85675 2.08615 41.7674 0
0.703333 7.24167 26.9055 2.08533 6.70101 2.12265 41.8178 0
0.601667 6.90667 26.7973 1.9296 6.54528 2.1599 41.8681 0
0.508333 6.58 26.6871 1.77045 6.38635 2.1964 41.9185 0
0.423333 6.26 26.5754 1.61472 6.23061 2.2329 41.9688 0
0.345 5.95 26.4617 1.45899 6.07488 2.27015 42.0192 0
0.275 5.64667 26.3461 1.30005 5.91595 2.30665 42.0696 0
0.213333 5.35167 26.2285 1.14432 5.76 2.3432 42.1199 0
0.158333 5.06333 26.1094 1.06795 5.60427 2.38045 42.1702 0
0.105 4.785 25.9879 1.06795 5.44533 2.41695 42.2206 0
0.05 4.51333 25.8648 1.06795 5.2896 2.45345 42.271 0
0 4.25 25.7402 0 5.13387 2.4907 42.3213 0
0 3.99333 25.6133 0 4.97493 2.5272 42.3716 0
0 3.74667 25.4848 0 4.8192 2.5637 42.4218 0
0 3.50667 25.3543 0 4.66027 2.60095 42.4722 0
0 3.275 25.2219 0 4.50432 2.6375 42.5226 0
0 3.05167 25.0879 0 4.34859 2.674 42.573 0
0 2.835 24.952 0 4.18965 2.71125 42.6234 0
0 2.62667 24.8137 0 4.03392 2.74775 42.6737 0
0 2.42667 24.6742 0 3.87819 2.785 42.7241 0
0 2.235 24.5324 0 3.71925 2.8215 42.7745 0
0 2.015 24.3602 0 3.53173 2.86545 42.8249 0
0 1.84 24.2145 0 3.376 2.902 42.8753 0
0 1.67333 24.0668 0 3.21685 2.93925 42.9257 0
0 1.515 23.9176 0 3.06112 2.97575 42.9761 0
0 1.36333 23.766 0 2.90539 3.013 43.0264 0
0 1.22 23.6129 0 2.74645 3.0495 43.0768 0
0 1.085 23.4578 0 2.59072 3.086 43.1272 0
0 0.958333 23.3012 0 2.43499 3.12325 43.1775 0
0 0.838333 23.1422 0 2.27605 3.15975 43.2278 0
0 0.728333 22.9816 0 2.12032 3.19625 43.2782 0
0 0.625 22.8191 0 1.96437 3.23355 43.3285 0
0 0.528333 22.6551 0 1.80544 3.27005 43.3789 0
0 0.441667 22.4891 0 1.64971 3.30655 43.4293 0
0 0.361667 22.3211 0 1.49397 3.3438 43.4797 0
0 0.29 22.1516 0 1.33504 3.3803 43.5301 0
0 0.226667 21.9797 0 1.17931 3.4168 43.5804 0
0 0.17 21.8062 0 1.06795 3.45405 43.6308 0
0 0.116667 21.6309 0 1.06795 3.49055 43.6812 0
0 0.0633333 21.4535 0 1.06795 3.5271 43.7315 0
0 0.00833333 21.2746 0 1.06795 3.56435 43.7819 0
0 0 21.0934 0 0 3.60085 43.8323 0
0 0 20.9109 0 0 3.63735 43.8827 0
0 0 20.7262 0 0 3.6746 43.9331 0
0 0 20.5395 0 0 3.7111 43.9833 0
0 0 20.3512 0 0 3.7476 44.0337 0
0 0 20.1609 0 0 3.78485 44.084 0
0 0 19.9688 0 0 3.8214 44.1344 0
0 0 19.7355 0 0 3.86535 44.1847 0
0 0 19.5395 0 0 3.9026 44.2351 0
0 0 19.3414 0 0 3.9391 44.2854 0
0 0 19.1418 0 0 3.9756 44.3358 0
0 0 18.9398 0 0 4.01285 44.3861 0
0 0 18.7363 0 0 4.04935 44.4364 0
0 0 18.5309 0 0 4.08585 44.4867 0
0 0 18.3234 0 0 4.12315 44.537 0
0 0 18.1145 0 0 4.15965 44.5874 0
0 0 17.9035 0 0 4.19615 44.6378 0
0 0 17.6906 0 0 4.2334 44.6881 0
0 0 17.4758 0 0 4.2699 44.7384 0
0 0 17.259 0 0 4.3064 44.7888 0
0 0 17.0406 0 0 4.34365 44.8392 0
0 0 16.8203 0 0 4.38015 44.8895 0
0 0 16.598 0 0 4.4167 44.9398 0
0 0 16.3742 0 0 4.45395 44.9901 0
0 0 16.1484 0 0 4.49045 45.0405 0
0 0 15.9207 0 0 4.52695 45.0908 0
0 0 15.691 0 0 4.5642 45.141 0
0 0 15.4598 0 0 4.6007 45.1913 0
0 0 15.2266 0 0 4.6372 45.2416 0
0 0 14.991 0 0 4.67 45.292 0
0 0 14.7563 0 0 4.63275 45.3424 0
0 0 14.523 0 0 4.59625 45.3928 0
0 0 14.2914 0 0 4.55975 45.4431 0
0 0 14.0621 0 0 4.5225 45.4935 0
0 0 13.8344 0 0 4.48595 45.5439 0
0 0 13.6086 0 0 4.44945 45.5943 0
0 0 13.3402 0 0 4.40475 45.6447 0
0 0 13.1187 0 0 4.36825 45.695 0
0 0 12.8988 0 0 4.33175 45.7452 0
0 0 12.6809 0 0 4.2945 45.7956 0
0 0 12.4648 0 0 4.258 45.8459 0
0 0 12.2504 0 0 4.22145 45.8963 0
0 0 12.0383 0 0 4.1842 45.9466 0
0 0 11.8277 0 0 4.1477 45.9969 0
0 0 11.6191 0 0 4.1112 46.0472 0
0 0 11.4125 0 0 4.07395 46.0974 0
0 0 11.2074 0 0 4.03745 46.1478 0
0 0 11.0043 0 0 4.00095 46.1982 0
0 0 10.8031 0 0 3.9637 46.2484 0
0 0 10.6039 0 0 3.9272 46.2988 0
0 0 10.4062 0 0 3.89065 46.349 0
0 0 10.2105 0 0 3.8534 46.3994 0
0 0 10.0168 0 0 3.8169 46.4498 0
0 0 9.825 0 0 3.7804 46.5001 0
0 0 9.63477 0 0 3.7439 46.5506 0
0 0 9.44687 0 0 3.70665 46.601 0
0 0 9.26055 0 0 3.67015 46.6513 0
0 0 9.07617 0 0 3.6336 46.7017 0
0 0 8.89336 0 0 3.59635 46.752 0
0 0 8.7125 0 0 3.55985 46.8023 0
0 0 8.53359 0 0 3.52335 46.8526 0
0 0 8.35664 0 0 3.4861 46.9029 0
0 0 8.18125 0 0 3.4496 46.9533 0
0 0 8.00781 0 0 3.4131 47.0035 0
0 0 7.83633 0 0 3.37585 47.0538 0
0 0 7.6668 0 0 3.33935 47.104 0
0 0 7.49922 0 0 3.3028 47.1542 0
0 0 7.3332 0 0 3.26555 47.2043 0
0 0 7.13633 0 0 3.2216 47.2545 0
0 0 6.97461 0 0 3.1851 47.3046 0
0 0 6.81445 0 0 3.14785 47.355 0
0 0 6.65625 0 0 3.11135 47.4052 0
0 0 6.50273 0 0 3.07555 47.4556 0
0 0 6.36094 0 0 3.0413 47.5058 0
0 0 6.19336 0 0 3.00105 47.556 0
0 0 6.04258 0 0 2.96455 47.6063 0
0 0 5.89375 0 0 2.9273 47.6566 0
0 0 5.74687 0 0 2.8908 47.7069 0
0 0 5.60156 0 0 2.8543 47.7573 0
0 0 5.4582 0 0 2.8178 47.8076 0
0 0 5.3168 0 0 2.78055 47.8579 0
0 0 5.17734 0 0 2.744 47.9083 0
0 0 5.03984 0 0 2.7075 47.9586 0
0 0 4.90391 0 0 2.67025 48.009 0
0 0 4.76992 0 0 2.63375 48.0593 0
0 0 4.63789 0 0 2.59725 48.1096 0
0 0 4.50781 0 0 2.56 48.16 0
0 0 4.3793 0 0 2.5235 48.2104 0
0 0 4.25273 0 0 2.487 48.2607 0
0 0 4.12813 0 0 2.44975 48.311 0
0 0 4.00508 0 0 2.4132 48.3614 0
0 0 3.88398 0 0 2.3767 48.4117 0
0 0 3.76484 0 0 2.33945 48.4621 0
0 0 3.64766 0 0 2.30295 48.5125 0
0 0 3.53242 0 0 2.26645 48.5628 0
0 0 3.41875 0 0 2.2292 48.6132 0
0 0 3.30703 0 0 2.1927 48.6635 0
0 0 3.19688 0 0 2.15615 48.7139 0
0 0 3.08906 0 0 2.1189 48.7643 0
0 0 2.96172 0 0 2.07495 48.8146 0
0 0 2.85781 0 0 2.03845 48.865 0
0 0 2.75586 0 0 2.0012 48.9154 0
0 0 2.65547 0 0 1.9647 48.9658 0
0 0 2.55703 0 0 1.9282 49.0162 0
0 0 2.46055 0 0 1.8917 49.0666 0
0 0 2.36602 0 0 1.8544 49.117 0
0 0 2.27305 0 0 1.8179 49.1673 0
0 0 2.18242 0 0 1.7814 49.2177 0
0 0 2.09336 0 0 1.74415 49.2681 0
0 0 2.00586 0 0 1.70765 49.3185 0
0 0 1.9207 0 0 1.6704 49.3689 0
0 0 1.83711 0 0 1.6339 49.4191 0
0 0 1.75547 0 0 1.5974 49.4695 0
0 0 1.67539 0 0 1.56015 49.5198 0
0 0 1.59766 0 0 1.5236 49.5702 0
0 0 1.52148 0 0 1.4871 49.6206 0
0 0 1.44727 0 0 1.44985 49.671 0
0 0 1.37461 0 0 1.41335 49.7213 0
0 0 1.3043 0 0 1.37685 49.7716 0
0 0 1.23555 0 0 1.3396 49.8219 0
0 0 1.16875 0 0 1.3031 49.8722 0
0 0 1.10391 0 0 1.26655 49.9225 0
0 0 1.04062 0 0 1.2293 49.9729 0
0 0 0.979688 0 0 1.1928 50.0232 0
0 0 0.920313 0 0 1.1563 50.0736 0
0 0 0.862891 0 0 1.11905 50.1239 0
0 0 0.807031 0 0 1.08255 50.1743 0
0 0 0.742969 0 0 1.0386 50.2247 0
0 0 0.691406 0 0 1.0021 50.2751 0
0 0 0.641406 0 0 0.96485 50.3254 0
0 0 0.59375 0 0 0.9283 50.3757 0
0 0 0.547656 0 0 0.8918 50.426 0
0 0 0.503516 0 0 0.85455 50.4764 0
0 0 0.461328 0 0 0.81805 50.5268 0
0 0 0.420703 0 0 0.78155 50.5772 0
0 0 0.382422 0 0 0.7443 50.6274 0
0 0 0.345703 0 0 0.7078 50.6777 0
0 0 0.310937 0 0 0.67125 50.7279 0
0 0 0.277734 0 0 0.634 50.7782 0
0 0 0.246484 0 0 0.5975 50.8284 0
0 0 0.217187 0 0 0.561 50.8788 0
0 0 0.189844 0 0 0.52375 50.929 0
0 0 0.164453 0 0 0.48725 50.9793 0
0 0 0.140625 0 0 0.45075 51.0296 0
0 0 0.11875 0 0 0.4135 51.0798 0
0 0 0.0988281 0 0 0.37695 51.13 0
0 0 0.0804688 0 0 0.34045 51.1803 0
0 0 0.0640625 0 0 0.3032 51.2305 0
0 0 0.0496094 0 0 0.2667 51.2808 0
0 0 0.0367187 0 0 0.2503 51.3311 0
0 0 0.0242187 0 0 0.2503 51.3814 0
0 0 0.0117188 0 0 0.2503 51.4317 0
0 0 0 0 0 0 51.4821 0
0.00166667 0.00166667 0.000390625 0.114347 0.114347 0.0268 51.5324 1
0.0116667 0.0116667 0.00273437 0.27008 0.27008 0.0633 51.5827 1
0.0283333 0.0283333 0.00664063 0.425813 0.425813 0.0998 51.633 0
0.055 0.055 0.0128906 0.584747 0.584747 0.13705 51.6834 0
0.0883333 0.0883333 0.0207031 0.74048 0.74048 0.17355 51.7337 0
0.128333 0.128333 0.0300781 0.896427 0.896427 0.2101 51.7841 0
0.178333 0.178333 0.0417969 1.05536 1.05536 0.24735 51.8344 0
0.248333 0.248333 0.0582031 1.24288 1.24288 0.2913 51.8847 0
0.315 0.315 0.0738281 1.39861 1.39861 0.3278 51.9351 0
0.388333 0.388333 0.0910156 1.55755 1.55755 0.36505 51.9855 0
0.471667 0.471667 0.110547 1.71328 1.71328 0.40155 52.0358 0
0.561667 0.561667 0.131641 1.87221 1.87221 0.4388 52.0862 0
0.66 0.66 0.154687 2.02795 2.02795 0.4753 52.1364 0
0.766667 0.766667 0.179688 2.18389 2.18389 0.51185 52.1867 0
0.88 0.88 0.20625 2.34283 2.34283 0.5491 52.2371 0
1.00333 1.00333 0.235156 2.49856 2.49856 0.5856 52.2874 0
1.13333 1.13333 0.265625 2.65429 2.65429 0.6221 52.3378 0
1.27167 1.27167 0.298047 2.81323 2.81323 0.65935 52.3882 0
1.41667 1.41667 0.332031 2.96896 2.96896 0.69585 52.4385 0
1.57 1.57 0.367969 3.12469 3.12469 0.73235 52.4889 0
1.73333 1.73333 0.40625 3.28363 3.28363 0.7696 52.5393 0
1.90167 1.90167 0.445703 3.43957 3.43957 0.80615 52.5896 0
2.08 2.08 0.4875 3.59531 3.59531 0.84265 52.64 0
2.265 2.265 0.530859 3.75424 3.75424 0.8799 52.6904 0
2.45833 2.45833 0.576172 3.90997 3.90997 0.9164 52.7407 0
2.66 2.66 0.623438 4.06891 4.06891 0.95365 52.7911 0
2.87 2.87 0.672656 4.22464 4.22464 0.99015 52.8415 0
3.08667 3.08667 0.723437 4.38037 4.38037 1.02665 52.8918 0
3.31167 3.31167 0.776172 4.53931 4.53931 1.0639 52.9422 0
3.545 3.545 0.830859 4.69525 4.69525 1.10045 52.9925 0
3.78667 3.78667 0.8875 4.85099 4.85099 1.13695 53.0429 0
4.03667 4.03667 0.946094 5.00992 5.00992 1.1742 53.0932 0
4.29333 4.29333 1.00625 5.16565 5.16565 1.2107 53.1435 0
4.55833 4.55833 1.06836 5.32139 5.32139 1.2472 53.1938 0
4.83 4.83 1.13203 5.48032 5.48032 1.28445 53.2442 0
5.11 5.11167 1.19805 5.50571 5.63605 1.32095 53.2946 0
5.43833 5.46 1.27969 5.31819 5.82357 1.3649 53.345 0
5.70333 5.75667 1.34922 5.15925 5.98251 1.40215 53.3954 0
5.96167 6.06333 1.42109 5.00352 6.13845 1.4387 53.4458 0
6.21 6.37833 1.49492 4.84779 6.29739 1.47595 53.4962 0
6.42 6.65667 1.56016 4.71104 6.43093 1.50725 53.5465 0
6.685 7.03 1.64766 4.53312 6.60885 1.54895 53.5969 0
6.91 7.36833 1.72695 4.37397 6.76779 1.5862 53.6473 0
7.12833 7.71333 1.80781 4.21824 6.92352 1.6227 53.6976 0
7.33667 8.06833 1.89102 4.06251 7.07925 1.6592 53.7479 0
7.53833 8.43 1.97578 3.90357 7.23819 1.69645 53.7983 0
7.73167 8.79833 2.06211 3.74784 7.39413 1.733 53.8487 0
7.91833 9.17667 2.15078 3.59211 7.54987 1.7695 53.8991 0
8.095 9.56167 2.24102 3.43317 7.7088 1.80675 53.9493 0
8.265 9.955 2.3332 3.27744 7.86453 1.84325 53.9998 0
8.42667 10.35 2.42734 3.12149 7.73739 1.8805 54.05 0
8.58 10.7383 2.52344 2.96256 7.57845 1.917 54.1003 0
8.72667 11.1167 2.62109 2.80683 7.42272 1.9535 54.1506 0
8.865 11.4883 2.7207 2.65109 7.26699 1.99075 54.201 0
8.995 11.8517 2.82227 2.49216 7.10784 2.0273 54.2513 0
9.11667 12.2067 2.92539 2.33643 6.95211 2.0638 54.3016 0
9.23167 12.5533 3.03047 2.18069 6.79637 2.10105 54.352 0
9.33667 12.8933 3.1375 2.02176 6.63744 2.13755 54.4024 0
9.43667 13.225 3.24648 1.86581 6.48171 2.17405 54.4527 0
9.52667 13.5483 3.35703 1.71008 6.32597 2.2113 54.503 0
9.60833 13.865 3.46992 1.55115 6.16704 2.2478 54.5534 0
9.68333 14.1733 3.58437 1.39541 6.01131 2.2843 54.6038 0
9.75 14.4733 3.70078 1.23648 5.85536 2.3216 54.6542 0
9.80833 14.765 3.81875 1.08075 5.69643 2.3581 54.7045 0
9.87333 15.105 3.96328 1.06795 5.50891 2.40205 54.7549 0
9.92833 15.3783 4.08555 1.06795 5.35317 2.4393 54.8052 0
9.98167 15.645 4.20937 1.06795 5.19424 2.4758 54.8556 0
10 15.905 4.33555 0 5.03851 2.5123 54.9059 0
10 16.155 4.46328 0 4.88277 2.54955 54.9562 0
10 16.3983 4.59297 0 4.72384 2.58605 55.0065 0
10 16.6333 4.72461 0 4.56789 2.6226 55.0567 0
10 16.86 4.85781 0 4.41216 2.65985 55.1071 0
10 17.0783 4.99297 0 4.25323 2.69635 55.1574 0
10 17.29 5.13008 0 4.09749 2.73285 55.2077 0
10 17.4933 5.26914 0 3.94176 2.7701 55.2581 0
10 17.6883 5.40977 0 3.78283 2.8066 55.3084 0
10 17.875 5.55273 0 3.62709 2.8431 55.3588 0
10 18.055 5.69727 0 3.47136 2.88035 55.4092 0
10 18.2267 5.84336 0 3.31243 2.9169 55.4595 0
10 18.39 5.9918 0 3.15648 2.9534 55.5098 0
10 18.5467 6.1418 0 3.00075 2.99065 55.5601 0
10 18.6933 6.29375 0 2.84181 3.02715 55.6103 0
10 18.8333 6.44766 0 2.68608 3.06365 55.6606 0
10 18.965 6.60352 0 2.53035 3.1009 55.7108 0
10 19.09 6.76094 0 2.37141 3.1374 55.7611 0
10 19.205 6.92031 0 2.21568 3.1739 55.8114 0
10 19.3133 7.08164 0 2.05973 3.2112 55.8617 0
10 19.4133 7.24492 0 1.9008 3.2477 55.912 0
10 19.5067 7.40977 0 1.74507 3.2842 55.9624 0
10 19.59 7.57656 0 1.58933 3.32145 56.0127 0
10 19.6667 7.74492 0 1.4304 3.35795 56.0629 0
10 19.735 7.91563 0 1.27467 3.39445 56.1133 0
10 19.7967 8.08789 0 1.11893 3.4317 56.1636 0
10 19.85 8.26211 0 1.06795 3.4682 56.2139 0
10 19.905 8.43828 0 1.06795 3.50475 56.2641 0
10 19.9583 8.61641 0 1.06795 3.542 56.3144 0
10 20 8.83242 0 0 3.58595 56.3647 0
10 20 9.01445 0 0 3.62245 56.415 0
10 20 9.19844 0 0 3.6597 56.4652 0
10 20 9.38398 0 0 3.6962 56.5153 0
10 20 9.57187 0 0 3.7327 56.5654 0
10 20 9.76094 0 0 3.7692 56.6156 0
10 20 9.95234 0 0 3.8065 56.6659 0
10 20 10.1453 0 0 3.843 56.7163 0
10 20 10.3406 0 0 3.8795 56.7667 0
10 20 10.5246 0 0 3.9145 56.8169 0
10 20 10.7359 0 0 3.95325 56.8672 0
10 20 10.9363 0 0 3.98975 56.9174 0
10 20 11.1391 0 0 4.027 56.9677 0
10 20 11.3215 0 0 4.0598 57.018 0
10 20 11.5496 0 0 4.10005 57.0683 0
10 20 11.7574 0 0 4.1373 57.1187 0
10 20 11.9676 0 0 4.1738 57.1689 0
10 20 12.1793 0 0 4.2103 57.2193 0
10 20 12.393 0 0 4.24755 57.2697 0
10 20 12.6082 0 0 4.28405 57.3201 0
10 20 12.8258 0 0 4.32055 57.3704 0
10 20 13.0449 0 0 4.3578 57.4208 0
10 20 13.266 0 0 4.39435 57.4712 0
10 20 13.4891 0 0 4.43085 57.5216 0
10 20 13.7137 0 0 4.4681 57.572 0
10 20 13.9402 0 0 4.5046 57.6223 0
10 20 14.1687 0 0 4.5411 57.6727 0
10 20 14.3992 0 0 4.57835 57.723 0
10 20 14.6313 0 0 4.61485 57.7733 0
10 20 14.8652 0 0 4.6521 57.8237 0
10 20 15.1012 0 0 4.6551 57.8739 0
10 20 15.3352 0 0 4.6186 57.9242 0
10 20 15.568 0 0 4.5821 57.9744 0
10 20 15.7984 0 0 4.54485 58.0247 0
10 20 16.073 0 0 4.50085 58.0751 0
10 20 16.2996 0 0 4.46435 58.1255 0
10 20 16.5238 0 0 4.4271 58.1759 0
10 20 16.7469 0 0 4.3906 58.2261 0
10 20 16.968 0 0 4.3541 58.2763 0
10 20 17.1871 0 0 4.31685 58.3264 0
10 20 17.4039 0 0 4.28035 58.3766 0
10 20 17.6195 0 0 4.24385 58.4268 0
10 20 17.8332 0 0 4.20655 58.4771 0
10 20 18.0449 0 0 4.17005 58.5274 0
10 20 18.2547 0 0 4.13355 58.5777 0
10 20 18.4625 0 0 4.0963 58.628 0
10 20 18.6684 0 0 4.0598 58.6783 0
10 20 18.8727 0 0 4.0233 58.7286 0
10 20 19.075 0 0 3.98605 58.7788 0
10 20 19.2758 0 0 3.94955 58.8292 0
10 20 19.4742 0 0 3.913 58.8795 0
10 20 19.6711 0 0 3.87575 58.9299 0
10 20 19.866 0 0 3.83925 58.9803 0
10 20 20.059 0 0 3.80275 59.0307 0
10 20 20.2504 0 0 3.7655 59.0809 0
10 20 20.4398 0 0 3.729 59.1313 0
10 20 20.6273 0 0 3.6925 59.1816 0
10 20 20.8129 0 0 3.65525 59.2319 0
10 20 20.9969 0 0 3.6187 59.2822 0
10 20 21.1789 0 0 3.5822 59.3325 0
10 20 21.359 0 0 3.54495 59.3829 0
10 20 21.5371 0 0 3.50845 59.4333 0
10 20 21.7137 0 0 3.47195 59.4837 0
10 20 21.8883 0 0 3.4347 59.5341 0
10 20 22.0609 0 0 3.3982 59.5843 0
10 20 22.2316 0 0 3.36095 59.6346 0
10 20 22.4344 0 0 3.31695 59.685 0
10 20 22.6012 0 0 3.28045 59.7353 0
10 20 22.766 0 0 3.24395 59.7857 0
10 20 22.9289 0 0 3.2067 59.8359 0
10 20 23.0902 0 0 3.1702 59.8863 0
10 20 23.2492 0 0 3.1337 59.9367 0
10 20 23.4066 0 0 3.09645 59.9871 0
10 20 23.5621 0 0 3.05995 60.0375 0
10 20 23.716 0 0 3.0234 60.088 0
10 20 23.8676 0 0 2.98615 60.1383 0
10 20 24.0176 0 0 2.94965 60.1887 0
10 20 24.1656 0 0 2.91315 60.2392 0
10 20 24.3121 0 0 2.8759 60.2895 0
10 20 24.4562 0 0 2.8394 60.3398 0
10 20 24.5988 0 0 2.8029 60.3902 0
10 20 24.7395 0 0 2.76565 60.4406 0
10 20 24.8785 0 0 2.7291 60.491 0
10 20 25.0156 0 0 2.6926 60.5414 0
10 20 25.1508 0 0 2.65535 60.5917 0
10 20 25.284 0 0 2.61885 60.6421 0
10 20 25.4152 0 0 2.58235 60.6925 0
10 20 25.5449 0 0 2.5451 60.7429 0
10 20 25.6727 0 0 2.5086 60.7933 0
10 20 25.7984 0 0 2.4721 60.8436 0
10 20 25.9223 0 0 2.4348 60.894 0
10 20 26.0445 0 0 2.3983 60.9444 0
10 20 26.1648 0 0 2.3618 60.9948 0
10 20 26.2914 0 0 2.3223 61.0452 0
10 20 26.4227 0 0 2.2806 61.0956 0
10 20 26.5316 0 0 2.2456 61.146 0
10 20 26.6496 0 0 2.20685 61.1964 0
10 20 26.7602 0 0 2.17035 61.2468 0
10 20 26.8691 0 0 2.1338 61.2972 0
10 20 26.9762 0 0 2.09655 61.3476 0
10 20 27.0809 0 0 2.06005 61.3979 0
10 20 27.184 0 0 2.02355 61.4482 0
10 20 27.2855 0 0 1.9863 61.4985 0
10 20 27.3852 0 0 1.9498 61.5489 0
10 20 27.4824 0 0 1.9133 61.5993 0
10 20 27.5785 0 0 1.87605 61.6497 0
10 20 27.6723 0 0 1.8395 61.7001 0
10 20 27.7641 0 0 1.803 61.7504 0
10 20 27.8543 0 0 1.76575 61.8008 0
10 20 27.9426 0 0 1.72925 61.8512 0
10 20 28.0293 0 0 1.69275 61.9016 0
10 20 28.1137 0 0 1.6555 61.952 0
10 20 28.1965 0 0 1.619 62.0023 0
10 20 28.2773 0 0 1.5825 62.0527 0
10 20 28.3566 0 0 1.54525 62.1031 0
10 20 28.434 0 0 1.5087 62.1534 0
10 20 28.509 0 0 1.4722 62.2037 0
10 20 28.5828 0 0 1.43495 62.2541 0
10 20 28.6543 0 0 1.39845 62.3045 0
10 20 28.7379 0 0 1.3545 62.355 0
10 20 28.8051 0 0 1.31725 62.4054 0
10 20 28.8711 0 0 1.28075 62.4557 0
10 20 28.9312 0 0 1.24645 62.5061 0
10 20 28.9969 0 0 1.20695 62.5564 0
10 20 29.0566 0 0 1.17045 62.6067 0
10 20 29.1148 0 0 1.13395 62.6571 0
10 20 29.1715 0 0 1.0967 62.7074 0
10 20 29.2258 0 0 1.0602 62.7578 0
10 20 29.2785 0 0 1.0237 62.808 0
10 20 29.3293 0 0 0.98645 62.8583 0
10 20 29.3785 0 0 0.9499 62.9086 0
10 20 29.4254 0 0 0.9134 62.9591 0
10 20 29.4707 0 0 0.87615 63.0094 0
10 20 29.5141 0 0 0.83965 63.0597 0
10 20 29.5555 0 0 0.80315 63.1099 0
10 20 29.5953 0 0 0.7659 63.1602 0
10 20 29.6332 0 0 0.7294 63.2105 0
10 20 29.6691 0 0 0.6929 63.261 0
10 20 29.7031 0 0 0.65565 63.3113 0
10 20 29.7355 0 0 0.6191 63.3616 0
10 20 29.7656 0 0 0.5826 63.412 0
10 20 29.7941 0 0 0.54535 63.4623 0
10 20 29.8211 0 0 0.50885 63.5128 0
10 20 29.8457 0 0 0.47235 63.5632 0
10 20 29.8687 0 0 0.4351 63.6135 0
10 20 29.8898 0 0 0.3986 63.6639 0
10 20 29.909 0 0 0.36205 63.7143 0
10 20 29.9266 0 0 0.3248 63.7647 0
10 20 29.9449 0 0 0.28085 63.815 0
10 20 29.9582 0 0 0.2503 63.8654 0
10 20 29.9711 0 0 0.2503 63.9157 0
10 20 29.9836 0 0 0.2503 63.9661 0
10 20 29.9961 0 0 0.2503 64.0164 0
10 20 30 0.0507733 0.0507733 0.0119 64.0668 1
9.99333 19.9933 29.9984 0.206507 0.206507 0.0484 64.1171 1
9.97833 19.9783 29.9949 0.36544 0.36544 0.08565 64.1675 1
9.95667 19.9567 29.9898 0.521173 0.521173 0.12215 64.2178 1
9.92667 19.9267 29.9828 0.676907 0.676907 0.15865 64.2682 0
9.88833 19.8883 29.9738 0.836053 0.836053 0.19595 64.3185 0
9.84333 19.8433 29.9633 0.991787 0.991787 0.23245 64.3689 0
9.78833 19.7883 29.9504 1.14752 1.14752 0.26895 64.4193 0
9.72667 19.7267 29.9359 1.30645 1.30645 0.3062 64.4697 0
9.65667 19.6567 29.9195 1.46219 1.46219 0.3427 64.52 0
9.58 19.58 29.9016 1.61792 1.61792 0.3792 64.5704 0
9.49333 19.4933 29.8813 1.77685 1.77685 0.41645 64.6208 0
9.4 19.4 29.8594 1.93259 1.93259 0.45295 64.6712 0
9.29833 19.2983 29.8355 2.09152 2.09152 0.4902 64.7215 0
9.18833 19.1883 29.8098 2.24747 2.24747 0.52675 64.7719 0
9.07167 19.0717 29.7824 2.4032 2.4032 0.56325 64.8223 0
8.94667 18.9467 29.7531 2.56213 2.56213 0.6005 64.8727 0
8.81333 18.8133 29.7219 2.71787 2.71787 0.637 64.9231 0
8.67167 18.6717 29.6887 2.8736 2.8736 0.6735 64.9734 0
8.52333 18.5233 29.6539 3.03253 3.03253 0.71075 65.0238 0
8.36667 18.3667 29.6172 3.18827 3.18827 0.74725 65.0742 0
8.20167 18.2017 29.5785 3.34421 3.34421 0.7838 65.1246 0
7.99333 17.9933 29.5297 3.53173 3.53173 0.82775 65.175 0
7.81 17.81 29.4867 3.69067 3.69067 0.865 65.2254 0
7.62 17.62 29.4422 3.8464 3.8464 0.9015 65.2758 0
7.42167 17.4217 29.3957 4.00213 4.00213 0.938 65.326 0
7.21667 17.2167 29.3477 4.16107 4.16107 0.97525 65.3764 0
7.00167 17.0017 29.2973 4.3168 4.3168 1.01175 65.4267 0
6.78 16.78 29.2453 4.47253 4.47253 1.04825 65.4771 0
6.55 16.55 29.1914 4.63147 4.63147 1.0855 65.5275 0
6.31333 16.3133 29.1359 4.78741 4.78741 1.12205 65.5778 0
6.06667 16.0667 29.0781 4.94635 4.94635 1.1593 65.6282 0
5.81333 15.8133 29.0187 5.10208 5.10208 1.1958 65.6786 0
5.55167 15.5517 28.9574 5.25781 5.25781 1.2323 65.7289 0
5.28333 15.2833 28.8945 5.41355 5.41355 1.2688 65.7793 0
