0 0 0 0 0 0 0.950755 20
0 0 0 0 0 0 1.00109 20
0 0 0 0 0 0 1.0513 20
0 0 0 0 0 0 1.10153 20
0 0 0 0 0 0 1.15179 19
0 0 0 0 0 0 1.20199 20
0 0 0 0 0 0 1.2523 19
0.0116667 0.0233333 0.0382813 0.55616 1.11253 1.79405 1.30254 20
0.055 0.11 0.178516 1.18251 2.36821 3.81915 1.35279 20
0.13 0.26 0.419922 1.81184 3.62389 5.83975 1.40306 20
0.236667 0.475 0.764844 2.43819 4.87957 7.86555 1.45331 19
0.375 0.751667 1.21055 3.06432 6.13205 9.8839 1.50352 19
0.545 1.09167 1.76016 3.69387 7.39093 11.9104 1.55379 18
0.746667 1.495 2.41016 4.32 8.64341 13.9296 1.60406 18
0.981667 1.96333 3.16406 4.94955 9.89909 15.9546 1.65434 18
1.24333 2.48833 3.97266 5.34357 10.6874 16.0351 1.70461 18
1.52 3.04 4.8 5.34357 10.6874 16.0351 1.75489 17
1.84333 3.68667 5.76953 5.34357 10.6874 16.0351 1.80518 17
2.06 4.11833 6.41875 5.34357 10.6874 16.0351 1.85542 16
2.38167 4.765 7.38867 5.34357 10.6874 16.0351 1.90567 16
2.64667 5.295 8.18242 5.34357 10.6874 16.0351 1.95601 16
2.92167 5.845 9.0082 5.34357 10.6874 16.0351 2.00638 16
3.18667 6.37333 9.80156 5.34357 10.6874 16.0351 2.05665 15
3.46167 6.92333 10.627 5.34357 10.6874 16.0351 2.10691 15
3.72667 7.45333 11.4207 5.34357 10.6874 16.0351 2.15723 14
4.00167 8.00333 12.2461 5.34357 10.6874 16.0351 2.2075 14
4.265 8.53167 13.0398 5.34357 10.6874 16.0351 2.25784 14
4.54167 9.08167 13.8652 5.34357 10.6874 16.0351 2.30819 14
4.805 9.61167 14.659 5.34357 10.6874 16.0351 2.35854 13
5.08 10.1617 15.4844 5.34357 10.6874 16.0351 2.40882 13
5.345 10.69 16.2785 5.34357 10.6874 16.0351 2.4592 12
5.62 11.2417 17.1039 5.34357 10.6874 16.0351 2.50948 12
5.885 11.77 17.898 5.34357 10.6874 16.0351 2.55982 12
6.16 12.32 18.723 5.34357 10.6874 16.0351 2.6101 12
6.425 12.85 19.5172 5.34357 10.6874 16.0351 2.66047 11
6.7 13.4 20.3426 5.34357 10.6874 16.0351 2.71085 11
6.965 13.93 21.1375 5.34357 10.6874 16.0351 2.76122 10
7.23833 14.4783 21.9621 5.34357 10.6874 16.0351 2.81144 10
7.50333 15.0083 22.7563 5.34357 10.6874 16.0351 2.86172 10
7.77833 15.5583 23.582 5.34357 10.6874 16.0351 2.91202 10
8.04333 16.0883 24.3773 5.34357 10.6874 16.0351 2.96238 9
8.31833 16.6383 25.202 5.34357 10.6874 16.0351 3.01267 9
8.58333 17.1683 25.9969 5.34357 10.6874 16.0351 3.06295 8
8.855 17.71 26.8094 5.31819 10.6366 15.9375 3.1133 8
9.10833 18.2167 27.566 4.68885 9.38091 13.9147 3.16367 8
9.33 18.66 28.2199 4.06251 8.12843 11.8934 3.21405 8
9.52 19.0417 28.7727 3.43317 6.86955 9.8675 3.26443 7
9.67833 19.3583 29.2219 2.80683 5.61707 7.8462 3.31471 7
9.82667 19.655 29.627 2.05355 4.11029 5.41955 3.36494 6
9.915 19.8317 29.852 1.4272 2.85461 3.3967 3.41519 6
9.975 19.945 29.9746 1.06795 1.59893 1.37385 3.46541 6
10 20 30 0 0 0 3.5157 6
9.99167 19.9833 29.9742 0.4576 0.918613 1.48115 3.56605 6
9.95333 19.9067 29.8504 1.08715 2.17429 3.50325 3.61633 6
9.88333 19.7667 29.6242 1.71328 3.42677 5.52605 3.66668 5
9.78167 19.5633 29.2961 2.33963 4.68245 7.5474 3.71705 5
9.64833 19.2967 28.8656 2.96896 5.93813 9.5695 3.7674 5
9.48333 18.9667 28.3332 3.59531 7.19061 11.5908 3.81776 5
9.28667 18.5717 27.6984 4.22144 8.44629 13.613 3.86805 4
9.05833 18.115 26.9621 4.85099 9.70197 15.6342 3.91838 4
8.79333 17.585 26.1387 5.34357 10.6874 16.0351 3.96874 3
8.52833 17.0567 25.3453 5.34357 10.6874 16.0351 4.01911 3
8.25333 16.5067 24.5199 5.34357 10.6874 16.0351 4.06949 3
7.98833 15.9783 23.7266 5.34357 10.6874 16.0351 4.11984 3
7.71333 15.4283 22.9012 5.34357 10.6874 16.0351 4.17007 2
7.45 14.8983 22.107 5.34357 10.6874 16.0351 4.22024 2
7.175 14.3483 21.2816 5.34357 10.6874 16.0351 4.27034 1
6.91 13.8183 20.4879 5.34357 10.6874 16.0351 4.32044 1
6.635 13.2683 19.6621 5.34357 10.6874 16.0351 4.37054 1
6.37 12.74 18.8684 5.34357 10.6874 16.0351 4.42064 1
6.095 12.19 18.0426 5.34357 10.6874 16.0351 4.47075 0
5.83 11.66 17.2488 5.34357 10.6874 16.0351 4.52086 0
5.555 11.11 16.423 5.34357 10.6874 16.0351 4.57096 0
5.29167 10.5817 15.6297 5.34357 10.6874 16.0351 4.62102 0
5.01667 10.0317 14.8043 5.34357 10.6874 16.0351 4.67113 0
4.75167 9.50167 14.0105 5.34357 10.6874 16.0351 4.72122 0
4.47667 8.95167 13.1852 5.34357 10.6874 16.0351 4.77131 0
4.21167 8.42333 12.3914 5.34357 10.6874 16.0351 4.82144 0
3.93667 7.87167 11.5656 5.34357 10.6874 16.0351 4.87159 0
3.67167 7.34333 10.7715 5.34357 10.6874 16.0351 4.92171 0
3.39667 6.79333 9.94609 5.34357 10.6874 16.0351 4.97188 0
3.13167 6.26333 9.15195 5.34357 10.6874 16.0351 5.02202 0
2.85667 5.71333 8.32656 5.34357 10.6874 16.0351 5.07229 0
2.59333 5.185 7.53281 5.34357 10.6874 16.0351 5.12255 0
2.31667 4.635 6.70742 5.34357 10.6874 16.0351 5.17283 0
2.05333 4.105 5.91367 5.34357 10.6874 16.0351 5.22307 0
1.77833 3.555 5.08828 5.34357 10.6874 16.0351 5.27336 0
1.51333 3.025 4.29414 5.34357 10.6874 16.0351 5.32361 0
1.23833 2.475 3.46836 5.35957 10.7191 16.0865 5.37383 0
0.98 1.95833 2.69375 4.91776 9.83232 14.6426 5.42396 0
0.745 1.49167 2.00273 4.29141 8.57664 12.619 5.4741 0
0.543333 1.08833 1.41406 3.66528 7.32096 10.5969 5.52429 0
0.373333 0.748333 0.927344 3.03573 6.06528 8.57185 5.57449 0
0.235 0.471667 0.542969 2.4064 4.8096 6.54905 5.62472 0
0.111667 0.225 0.216406 1.65611 3.30283 4.12165 5.67497 0
0.0433333 0.0883333 0.0570313 1.06795 2.04715 2.0988 5.72518 0
0 0.0133333 0 0 1.06795 0 5.77544 0
0.00166667 0.00333333 0.00507812 0.206507 0.416427 0.672 5.82577 1
0.0266667 0.055 0.0878906 0.836053 1.67211 2.6941 5.87605 1
0.085 0.17 0.273438 1.46219 2.92757 4.71845 5.92638 1
0.173333 0.348333 0.560938 2.09152 4.18325 6.74125 5.97665 0
0.295 0.59 0.950781 2.71787 5.43893 8.7641 6.02692 0
0.446667 0.895 1.44297 3.3472 6.69461 10.7877 6.07732 0
0.631667 1.26333 2.03711 3.97355 7.94709 12.8098 6.12769 0
0.848333 1.69667 2.73359 4.59968 9.20277 14.8319 6.17807 0
1.095 2.19167 3.525 5.22923 10.4585 16.0351 6.22837 0
1.365 2.73 4.33477 5.34357 10.6874 16.0351 6.27863 0
1.64 3.28 5.16016 5.34357 10.6874 16.0351 6.3289 0
1.905 3.81 5.95391 5.34357 10.6874 16.0351 6.37924 0
2.18 4.36 6.7793 5.34357 10.6874 16.0351 6.42951 0
2.44333 4.88833 7.57305 5.34357 10.6874 16.0351 6.47978 0
2.71833 5.43833 8.39883 5.34357 10.6874 16.0351 6.53003 0
2.98333 5.96833 9.19258 5.34357 10.6874 16.0351 6.58032 0
3.25833 6.51833 10.018 5.34357 10.6874 16.0351 6.63068 0
3.52333 7.04667 10.8117 5.34357 10.6874 16.0351 6.68104 0
3.79833 7.59667 11.6375 5.34357 10.6874 16.0351 6.7313 0
4.06333 8.12667 12.4312 5.34357 10.6874 16.0351 6.78164 0
4.33833 8.67667 13.257 5.34357 10.6874 16.0351 6.83203 0
4.60333 9.20667 14.0508 5.34357 10.6874 16.0351 6.88234 0
4.87833 9.75667 14.8766 5.34357 10.6874 16.0351 6.93269 0
5.14167 10.285 15.6703 5.34357 10.6874 16.0351 6.98299 0
5.41833 10.835 16.4961 5.34357 10.6874 16.0351 7.03339 0
5.68167 11.365 17.2898 5.34357 10.6874 16.0351 7.08377 0
5.95667 11.915 18.1152 5.34357 10.6874 16.0351 7.13414 0
6.22167 12.4433 18.909 5.34357 10.6874 16.0351 7.18452 0
6.49667 12.995 19.7348 5.34357 10.6874 16.0351 7.2349 0
6.82 13.6417 20.7066 5.34357 10.6874 16.0351 7.28517 0
7.03667 14.0733 21.3543 5.34357 10.6874 16.0351 7.33553 0
7.36 14.7217 22.3266 5.34357 10.6874 16.0351 7.38583 0
7.625 15.2517 23.1203 5.34357 10.6874 16.0351 7.43618 0
7.9 15.8017 23.9457 5.34357 10.6874 16.0351 7.48647 0
8.165 16.33 24.7398 5.34357 10.6874 16.0351 7.53681 0
8.44 16.88 25.5656 5.34357 10.6874 16.0351 7.58707 0
8.705 17.41 26.3594 5.34357 10.6874 16.0351 7.63747 0
8.97167 17.945 27.1605 5.03531 10.077 15.0337 7.68774 0
9.21167 18.4233 27.8711 4.40896 8.82133 13.0109 7.73795 0
9.41833 18.8383 28.4801 3.78283 7.56565 10.9881 7.78824 0
9.595 19.19 28.9863 3.15328 6.30997 8.966 7.83858 0
9.73833 19.4783 29.3902 2.52715 5.05429 6.9439 7.88882 0
9.85167 19.7033 29.6922 1.8976 3.80181 4.92185 7.93919 0
9.93167 19.865 29.8918 1.27147 2.54613 2.89975 7.98944 0
9.98833 19.9633 29.9895 1.06795 1.29045 0.8769 8.03969 0
10 20 30 0.0157867 0.0317867 0.0514 8.08983 1
9.98667 19.9733 29.9574 0.581547 1.16651 1.8835 8.13997 1
9.94167 19.885 29.8133 1.21109 2.42219 3.9078 8.19014 1
9.865 19.7317 29.5668 1.83723 3.67787 5.93065 8.24038 1
9.75833 19.515 29.2176 2.46677 4.93355 7.9542 8.29066 0
9.61833 19.235 28.7664 3.09291 6.18923 9.97705 8.34087 0
9.44667 18.8917 28.2129 3.72245 7.44811 12.0013 8.39114 0
9.24167 18.485 27.557 4.35179 8.70379 14.0242 8.44146 0
9.00667 18.0133 26.7984 4.97813 9.95947 16.0351 8.49171 0
8.74333 17.485 25.9883 5.34357 10.6874 16.0351 8.5421 0
8.46833 16.935 25.1625 5.34357 10.6874 16.0351 8.5924 0
8.20333 16.405 24.368 5.34357 10.6874 16.0351 8.64275 0
7.92833 15.855 23.5426 5.34357 10.6874 16.0351 8.69312 0
7.66333 15.3267 22.7488 5.34357 10.6874 16.0351 8.7435 0
7.38833 14.775 21.923 5.34357 10.6874 16.0351 8.79375 0
7.12333 14.2467 21.1297 5.34357 10.6874 16.0351 8.84412 0
6.84833 13.6967 20.3039 5.34357 10.6874 16.0351 8.89451 0
6.585 13.1683 19.5109 5.34357 10.6874 16.0351 8.94492 0
6.30833 12.6183 18.6852 5.34357 10.6874 16.0351 8.99532 0
5.985 11.97 17.7141 5.34357 10.6874 16.0351 9.0456 0
5.77 11.5383 17.0668 5.34357 10.6874 16.0351 9.09595 0
5.44667 10.8917 16.0953 5.34357 10.6874 16.0351 9.14635 0
5.18167 10.3633 15.302 5.34357 10.6874 16.0351 9.19673 0
4.90667 9.81167 14.4766 5.34357 10.6874 16.0351 9.24712 0
4.64167 9.28333 13.6832 5.34357 10.6874 16.0351 9.29751 0
4.36667 8.73333 12.8578 5.34357 10.6874 16.0351 9.34784 0
4.10333 8.205 12.0641 5.34357 10.6874 16.0351 9.39819 0
3.82667 7.655 11.2383 5.34357 10.6874 16.0351 9.44857 0
3.56333 7.125 10.4445 5.34357 10.6874 16.0351 9.49896 0
3.28833 6.575 9.61875 5.34357 10.6874 16.0351 9.54935 0
3.02333 6.04667 8.82539 5.34357 10.6874 16.0351 9.59975 0
2.74833 5.495 7.99961 5.34357 10.6874 16.0351 9.65017 0
2.48333 4.96667 7.20586 5.34357 10.6874 16.0351 9.70057 0
2.20833 4.41667 6.38008 5.34357 10.6874 16.0351 9.75094 0
1.94333 3.88667 5.58633 5.34357 10.6874 16.0351 9.80132 0
1.66833 3.33667 4.76055 5.34357 10.6874 16.0351 9.85169 0
1.405 2.80833 3.9668 5.34357 10.6874 16.0351 9.90206 0
1.13333 2.26667 3.1543 5.2896 10.5824 15.8466 9.95231 0
0.881667 1.76167 2.40273 4.66347 9.32992 13.8253 10.0027 0
0.66 1.32 1.75273 4.03712 8.07424 11.8017 10.053 0
0.471667 0.943333 1.20547 3.40779 6.81856 9.78035 10.1034 0
0.315 0.628333 0.760156 2.78144 5.56309 7.7575 10.1538 0
0.19 0.378333 0.417188 2.15509 4.3104 5.7362 10.2041 0
0.0966667 0.19 0.176563 1.52576 3.05493 3.7126 10.2545 0
0.0333333 0.0666667 0.0378906 1.06795 1.79925 1.68975 10.3049 0
0 0 0 0 0 0 10.3553 0
0.00833333 0.0166667 0.0257812 0.4576 0.918613 1.4804 10.4057 1
0.0466667 0.0933333 0.149609 1.08715 2.17429 3.50325 10.4561 1
0.116667 0.233333 0.375781 1.71328 3.42677 5.52605 10.5065 0
0.218333 0.436667 0.703906 2.33963 4.68245 7.54815 10.5569 0
0.351667 0.703333 1.13477 2.96896 5.93813 9.571 10.6073 0
0.516667 1.035 1.66719 3.59531 7.19381 11.5931 10.6576 0
0.713333 1.42833 2.30234 4.22464 8.44949 13.6159 10.708 0
0.943333 1.88667 3.03945 4.85099 9.70517 15.6388 10.7584 0
1.20833 2.41667 3.86328 5.34357 10.6874 16.0351 10.8087 0
1.47167 2.945 4.65742 5.34357 10.6874 16.0351 10.8591 0
1.74667 3.495 5.48281 5.34357 10.6874 16.0351 10.9094 0
2.01167 4.025 6.27656 5.34357 10.6874 16.0351 10.9597 0
2.28667 4.575 7.10195 5.34357 10.6874 16.0351 11.0099 0
2.55167 5.10333 7.8957 5.34357 10.6874 16.0351 11.0603 0
2.82667 5.65333 8.72109 5.34357 10.6874 16.0351 11.1105 0
3.09167 6.18333 9.51484 5.34357 10.6874 16.0351 11.1609 0
3.36667 6.73333 10.3402 5.34357 10.6874 16.0351 11.2112 0
3.63 7.26167 11.134 5.34357 10.6874 16.0351 11.2614 0
3.905 7.81167 11.959 5.34357 10.6874 16.0351 11.3116 0
4.17 8.34167 12.7531 5.34357 10.6874 16.0351 11.3617 0
4.445 8.89167 13.5781 5.34357 10.6874 16.0351 11.4119 0
4.70667 9.41333 14.3629 5.34357 10.6874 16.0351 11.4621 0
4.985 9.97 15.1977 5.34357 10.6874 16.0351 11.5125 0
5.25 10.5 15.9914 5.34357 10.6874 16.0351 11.5628 0
5.525 11.05 16.8172 5.34357 10.6874 16.0351 11.6131 0
5.79 11.5783 17.6113 5.34357 10.6874 16.0351 11.6634 0
6.065 12.13 18.4367 5.34357 10.6874 16.0351 11.7136 0
6.32833 12.6583 19.2309 5.34357 10.6874 16.0351 11.7639 0
6.60333 13.2083 20.0562 5.34357 10.6874 16.0351 11.8141 0
6.86833 13.7383 20.8504 5.34357 10.6874 16.0351 11.8645 0
7.14333 14.2883 21.6758 5.34357 10.6874 16.0351 11.9147 0
7.46 14.9217 22.6254 5.34357 10.6874 16.0351 11.9651 0
7.68333 15.3683 23.2961 5.34357 10.6874 16.0351 12.0154 0
8.00833 16.0167 24.268 5.34357 10.6874 16.0351 12.0658 0
8.27167 16.545 25.0621 5.34357 10.6874 16.0351 12.116 0
8.54667 17.095 25.8879 5.34357 10.6874 16.0351 12.1664 0
8.81333 17.6267 26.6836 5.41675 10.8337 16.2497 12.2168 0
9.07167 18.1433 27.4562 4.78741 9.57803 14.2268 12.2672 0
9.29833 18.5967 28.1262 4.16107 8.32235 12.2041 12.3176 0
9.49333 18.9867 28.6945 3.53173 7.06667 10.1797 12.3679 0
9.65667 19.3133 29.1602 2.90539 5.81099 8.15685 12.4183 0
9.78833 19.5767 29.5234 2.27605 4.55531 6.13405 12.4687 0
9.88833 19.7767 29.7844 1.64971 3.29963 4.1112 12.5191 0
9.95667 19.9133 29.9434 1.06795 2.04395 2.08835 12.5695 0
10 19.9883 30 0 1.06795 0 12.6199 0
9.99833 19.9967 29.9949 0.206507 0.416427 0.672 12.6702 1
9.97333 19.945 29.9121 0.836053 1.67211 2.6956 12.7205 1
9.915 19.83 29.7266 1.46219 2.92757 4.72065 12.7708 1
9.82667 19.6517 29.4391 2.09152 4.18325 6.742 12.8211 1
9.705 19.41 29.0484 2.72107 5.44213 8.7693 12.8715 0
9.55333 19.105 28.557 3.3472 6.69461 10.7884 12.9219 0
9.36833 18.735 27.9621 3.97355 7.95029 12.8127 12.9722 0
9.15167 18.3033 27.2656 4.60288 9.20597 14.8348 13.0226 0
8.905 17.8083 26.4746 5.22923 10.4617 16.0351 13.0731 0
8.635 17.27 25.6648 5.34357 10.6874 16.0351 13.1234 0
8.36 16.72 24.8395 5.34357 10.6874 16.0351 13.1739 0
8.095 16.19 24.0453 5.34357 10.6874 16.0351 13.2243 0
7.82 15.64 23.2199 5.34357 10.6874 16.0351 13.2746 0
7.555 15.11 22.4254 5.34357 10.6874 16.0351 13.3248 0
7.28 14.56 21.5992 5.34357 10.6874 16.0351 13.3751 0
6.95667 13.9117 20.6277 5.34357 10.6874 16.0351 13.4254 0
6.74 13.48 19.9797 5.34357 10.6874 16.0351 13.4756 0
6.41667 12.8333 19.0078 5.34357 10.6874 16.0351 13.526 0
6.15167 12.3033 18.2137 5.34357 10.6874 16.0351 13.5764 0
5.87667 11.7533 17.3875 5.34357 10.6874 16.0351 13.6268 0
5.61167 11.2233 16.5934 5.34357 10.6874 16.0351 13.6772 0
5.36 10.72 15.8387 5.34357 10.6874 16.0351 13.7274 0
5.07167 10.1433 14.9738 5.34357 10.6874 16.0351 13.7778 0
4.79667 9.59333 14.148 5.34357 10.6874 16.0351 13.8282 0
4.53167 9.065 13.3539 5.34357 10.6874 16.0351 13.8786 0
4.25667 8.51333 12.5285 5.34357 10.6874 16.0351 13.9291 0
3.99333 7.985 11.7348 5.34357 10.6874 16.0351 13.9795 0
3.71833 7.435 10.9094 5.34357 10.6874 16.0351 14.0299 0
3.45333 6.90667 10.1156 5.34357 10.6874 16.0351 14.0802 0
3.17833 6.35667 9.29062 5.34357 10.6874 16.0351 14.1306 0
2.91333 5.82667 8.49687 5.34357 10.6874 16.0351 14.181 0
2.63833 5.27667 7.67109 5.34357 10.6874 16.0351 14.2313 0
2.375 4.74833 6.87734 5.34357 10.6874 16.0351 14.2817 0
2.09833 4.19667 6.05195 5.34357 10.6874 16.0351 14.332 0
1.835 3.66833 5.2582 5.34357 10.6874 16.0351 14.3824 0
1.56 3.11833 4.43281 5.34357 10.6874 16.0351 14.4328 0
1.295 2.59 3.63945 5.34357 10.6874 16.0351 14.4831 0
1.02833 2.055 2.83867 5.03531 10.0738 15.0308 14.5334 0
0.788333 1.57667 2.12812 4.40896 8.81813 13.0094 14.5838 0
0.581667 1.16167 1.51953 3.77963 7.56245 10.9866 14.6342 0
0.405 0.81 1.01367 3.15328 6.30677 8.9645 14.6846 0
0.261667 0.521667 0.609766 2.52395 5.05429 6.94245 14.7349 0
0.13 0.258333 0.259766 1.77365 3.54752 4.5165 14.7853 0
0.055 0.11 0.0804688 1.14432 2.29184 2.49515 14.8355 0
0.00166667 0.025 0.00351562 0 1.06795 0.4731 14.8859 0
0 0 0 0.0157867 0.0317867 0.05215 14.9362 1
0.02 0.0383333 0.0632813 0.708693 1.4176 2.2888 14.9866 1
0.07 0.141667 0.227734 1.33504 2.67328 4.3109 15.0368 1
0.153333 0.306667 0.494531 1.96437 3.92896 6.3322 15.0872 0
0.268333 0.535 0.863281 2.59072 5.18464 8.3543 15.1375 0
0.413333 0.828333 1.33477 3.21685 6.43712 10.3764 15.1877 0
0.591667 1.18333 1.90781 3.8464 7.6928 12.3985 15.238 0
0.801667 1.60333 2.58359 4.47253 8.94848 14.4206 15.2884 0
1.04167 2.085 3.35938 5.10208 10.2042 16.0351 15.3387 0
1.315 2.63 4.18477 5.34357 10.6874 16.0351 15.3891 0
1.58 3.16 4.97891 5.34357 10.6874 16.0351 15.4395 0
1.855 3.71 5.8043 5.34357 10.6874 16.0351 15.4898 0
2.11833 4.23833 6.59805 5.34357 10.6874 16.0351 15.54 0
2.39333 4.78833 7.42344 5.34357 10.6874 16.0351 15.5903 0
2.65833 5.31833 8.21719 5.34357 10.6874 16.0351 15.6407 0
2.93333 5.86833 9.04219 5.34357 10.6874 16.0351 15.691 0
3.19833 6.39667 9.83594 5.34357 10.6874 16.0351 15.7413 0
3.47333 6.94667 10.6613 5.34357 10.6874 16.0351 15.7915 0
3.73833 7.47667 11.4551 5.34357 10.6874 16.0351 15.8418 0
4.01333 8.025 12.2801 5.34357 10.6874 16.0351 15.8921 0
4.27667 8.555 13.0738 5.34357 10.6874 16.0351 15.9424 0
4.55167 9.105 13.8988 5.34357 10.6874 16.0351 15.9927 0
4.81667 9.63333 14.6926 5.34357 10.6874 16.0351 16.043 0
5.09167 10.1833 15.518 5.34357 10.6874 16.0351 16.0933 0
5.35667 10.7133 16.3113 5.34357 10.6874 16.0351 16.1435 0
5.63167 11.2633 17.1367 5.34357 10.6874 16.0351 16.1937 0
5.895 11.7917 17.9301 5.34357 10.6874 16.0351 16.2438 0
6.17 12.3417 18.7555 5.34357 10.6874 16.0351 16.294 0
6.435 12.87 19.5488 5.34357 10.6874 16.0351 16.3442 0
6.71 13.42 20.3742 5.34357 10.6874 16.0351 16.3946 0
6.975 13.95 21.1676 5.34357 10.6874 16.0351 16.4449 0
7.25 14.5 21.9934 5.34357 10.6874 16.0351 16.4951 0
7.57333 15.1467 22.9648 5.34357 10.6874 16.0351 16.5454 0
7.78833 15.5783 23.6117 5.34357 10.6874 16.0351 16.5957 0
8.11333 16.2267 24.5832 5.34357 10.6874 16.0351 16.6461 0
8.37667 16.755 25.3766 5.34357 10.6874 16.0351 16.6965 0
8.65167 17.305 26.202 5.34357 10.6874 16.0351 16.7469 0
8.91667 17.8333 26.9949 5.17205 10.3473 15.4659 16.7972 0
9.16333 18.3267 27.7277 4.54571 9.09163 13.443 16.8476 0
9.37667 18.755 28.3582 3.91637 7.83595 11.4209 16.8979 0
9.56 19.1217 28.8863 3.29003 6.58027 9.3974 16.9483 0
9.71167 19.4233 29.3121 2.66069 5.32779 7.37605 16.9987 0
9.83 19.6617 29.6363 2.03435 4.06891 5.35175 17.0491 0
9.91833 19.8367 29.8574 1.40501 2.81643 3.32965 17.0995 0
9.97667 19.95 29.977 1.06795 1.56075 1.3068 17.1497 0
10 20 30 0 0 0 17.2 0
9.99167 19.9833 29.9742 0.4576 0.918613 1.48115 17.2502 1
9.95333 19.9067 29.8504 1.08395 2.17109 3.5025 17.3006 1
9.88333 19.7667 29.6242 1.71328 3.42677 5.52535 17.3509 1
9.78167 19.5633 29.2961 2.33963 4.68245 7.5459 17.4012 1
9.64833 19.2967 28.866 2.96896 5.93813 9.56875 17.4516 1
9.48333 18.9667 28.3336 3.59531 7.19061 11.5893 17.502 0
9.28667 18.5733 27.6992 4.22144 8.44629 13.6115 17.5523 0
9.05833 18.115 26.9629 4.84779 9.69877 15.6328 17.6027 0
8.79333 17.585 26.1395 5.34357 10.6874 16.0351 17.6531 0
8.52833 17.0567 25.3457 5.34357 10.6874 16.0351 17.7034 0
8.25333 16.5067 24.5203 5.34357 10.6874 16.0351 17.7537 0
7.99 15.9783 23.7266 5.34357 10.6874 16.0351 17.804 0
7.71333 15.4267 22.9008 5.34357 10.6874 16.0351 17.8543 0
7.45 14.8983 22.1078 5.34357 10.6874 16.0351 17.9046 0
7.175 14.3483 21.282 5.34357 10.6874 16.0351 17.9549 0
6.85 13.7 20.3105 5.34357 10.6874 16.0351 18.0052 0
6.635 13.2683 19.6625 5.34357 10.6874 16.0351 18.0555 0
6.31167 12.6217 18.6914 5.34357 10.6874 16.0351 18.1058 0
6.04667 12.0933 17.8973 5.34357 10.6874 16.0351 18.156 0
5.77167 11.5417 17.0723 5.34357 10.6874 16.0351 18.2063 0
5.50667 11.0133 16.2785 5.34357 10.6874 16.0351 18.2566 0
5.23167 10.4633 15.4531 5.34357 10.6874 16.0351 18.3069 0
4.96667 9.935 14.6594 5.34357 10.6874 16.0351 18.3572 0
4.69167 9.38333 13.834 5.34357 10.6874 16.0351 18.4076 0
4.42833 8.855 13.0398 5.34357 10.6874 16.0351 18.458 0
4.15333 8.305 12.2148 5.34357 10.6874 16.0351 18.5083 0
3.88833 7.77667 11.4211 5.34357 10.6874 16.0351 18.5587 0
3.61333 7.22667 10.5957 5.34357 10.6874 16.0351 18.6091 0
3.34833 6.69667 9.80195 5.34357 10.6874 16.0351 18.6595 0
3.07333 6.14667 8.97656 5.34357 10.6874 16.0351 18.7097 0
2.80833 5.61833 8.18281 5.34357 10.6874 16.0351 18.76 0
2.53333 5.06667 7.35703 5.34357 10.6874 16.0351 18.8103 0
2.27 4.53833 6.56289 5.34357 10.6874 16.0351 18.8606 0
1.995 3.98833 5.7375 5.34357 10.6874 16.0351 18.9109 0
1.73 3.45833 4.94375 5.34357 10.6874 16.0351 18.9613 0
1.455 2.90833 4.11875 5.34357 10.6874 16.0351 19.0115 0
1.19 2.37833 3.32344 5.42315 10.8399 16.2676 19.0619 0
0.931667 1.86167 2.55039 4.7968 9.58443 14.2455 19.1123 0
0.703333 1.40833 1.87969 4.16747 8.32875 12.2241 19.1627 0
0.508333 1.01667 1.31094 3.54112 7.07307 10.2013 19.2131 0
0.345 0.69 0.844531 2.91179 5.82059 8.1792 19.2635 0
0.213333 0.426667 0.480078 2.28544 4.56491 6.1564 19.3138 0
0.111667 0.226667 0.217969 1.65931 3.30923 4.13505 19.3641 0
0.0433333 0.09 0.0578125 1.06795 2.05355 2.11295 19.4145 0
0 0.015 0 0 1.06795 0 19.4649 0
0.00333333 0.00833333 0.0132813 0.333653 0.66752 1.07585 19.5153 1
0.0366667 0.0716667 0.116797 0.96 1.9232 3.09865 19.5657 1
0.1 0.2 0.322656 1.58613 3.17568 5.1215 19.6161 0
0.195 0.391667 0.630469 2.21568 4.43136 7.1436 19.6664 0
0.321667 0.645 1.04023 2.84181 5.68704 9.1664 19.7168 0
0.481667 0.963333 1.55313 3.47136 6.94272 11.19 19.7672 0
0.671667 1.345 2.16758 4.09749 8.1984 13.2128 19.8176 0
0.895 1.79 2.88516 4.72704 9.45408 15.2364 19.868 0
1.14833 2.29833 3.68672 5.34357 10.6874 16.0351 19.9184 0
1.42333 2.84833 4.51289 5.34357 10.6874 16.0351 19.9688 0
1.68833 3.37833 5.30703 5.34357 10.6874 16.0351 20.0192 0
1.96333 3.92833 6.13281 5.34357 10.6874 16.0351 20.0696 0
2.22833 4.45833 6.92656 5.34357 10.6874 16.0351 20.12 0
2.50333 5.00833 7.75234 5.34357 10.6874 16.0351 20.1703 0
2.76833 5.53667 8.54648 5.34357 10.6874 16.0351 20.2207 0
3.04333 6.08833 9.37227 5.34357 10.6874 16.0351 20.2711 0
3.30833 6.61667 10.1664 5.34357 10.6874 16.0351 20.3214 0
3.58333 7.16667 10.9922 5.34357 10.6874 16.0351 20.3718 0
3.84833 7.69667 11.7863 5.34357 10.6874 16.0351 20.4221 0
4.12333 8.24667 12.6125 5.34357 10.6874 16.0351 20.4725 0
4.38833 8.77667 13.4066 5.34357 10.6874 16.0351 20.5228 0
4.66333 9.32667 14.2324 5.34357 10.6874 16.0351 20.5732 0
4.92833 9.85667 15.0262 5.34357 10.6874 16.0351 20.6235 0
5.20333 10.4067 15.8516 5.34357 10.6874 16.0351 20.6739 0
5.46667 10.935 16.6457 5.34357 10.6874 16.0351 20.7242 0
5.74333 11.4867 17.4715 5.34357 10.6874 16.0351 20.7745 0
6.00667 12.015 18.2652 5.34357 10.6874 16.0351 20.8249 0
6.28167 12.565 19.091 5.34357 10.6874 16.0351 20.8753 0
6.60667 13.2133 20.0629 5.34357 10.6874 16.0351 20.9256 0
6.82167 13.645 20.7109 5.34357 10.6874 16.0351 20.9759 0
7.14667 14.2933 21.6832 5.34357 10.6874 16.0351 21.0262 0
7.41167 14.8233 22.4777 5.34357 10.6874 16.0351 21.0766 0
7.68667 15.3733 23.3031 5.34357 10.6874 16.0351 21.127 0
7.95 15.9017 24.0969 5.34357 10.6874 16.0351 21.1773 0
8.225 16.4517 24.9223 5.34357 10.6874 16.0351 21.2276 0
8.49 16.9817 25.7164 5.34357 10.6874 16.0351 21.2779 0
8.765 17.5317 26.5422 5.35957 10.7191 16.0865 21.3283 0
9.02333 18.0483 27.3156 4.90496 9.81632 14.615 21.3786 0
9.25667 18.515 28.0059 4.27563 8.56064 12.5907 21.429 0
9.45667 18.9167 28.5934 3.64928 7.30496 10.5679 21.4795 0
9.62667 19.2567 29.0785 3.01995 6.04928 8.54355 21.5298 0
9.765 19.5317 29.4617 2.3904 4.7936 6.52 21.5801 0
9.87 19.7433 29.7422 1.76427 3.53792 4.4964 21.6305 0
9.94333 19.8917 29.9203 1.13472 2.28245 2.47355 21.6808 0
9.99833 19.9767 29.9965 0 1.06795 0.45 21.7312 0
10 20 29.9992 0.08256 0.16512 0.26745 21.7816 1
9.98 19.96 29.9367 0.708693 1.4208 2.29105 21.832 1
9.93 19.8583 29.7719 1.33824 2.67648 4.3146 21.8823 1
9.84667 19.6933 29.5047 1.96437 3.93216 6.33745 21.9326 1
9.73167 19.4633 29.1352 2.59392 5.18784 8.36175 21.9829 1
9.585 19.17 28.6633 3.22005 6.44352 10.3854 22.0333 0
9.40667 18.815 28.0891 3.8496 7.6992 12.4089 22.0836 0
9.19667 18.395 27.4121 4.47573 8.95488 14.4333 22.134 0
8.95667 17.9117 26.6348 5.10528 10.2106 16.0351 22.1844 0
8.68333 17.365 25.809 5.34357 10.6874 16.0351 22.2348 0
8.41833 16.8367 25.0152 5.34357 10.6874 16.0351 22.2851 0
8.14333 16.2867 24.1895 5.34357 10.6874 16.0351 22.3353 0
7.82 15.6383 23.2184 5.34357 10.6874 16.0351 22.3857 0
7.60333 15.2067 22.5711 5.34357 10.6874 16.0351 22.4361 0
7.28 14.56 21.5996 5.34357 10.6874 16.0351 22.4865 0
7.01667 14.0317 20.8059 5.34357 10.6874 16.0351 22.5369 0
6.74167 13.4817 19.9809 5.34357 10.6874 16.0351 22.5873 0
6.47667 12.9517 19.1867 5.34357 10.6874 16.0351 22.6377 0
6.20167 12.4017 18.3613 5.34357 10.6874 16.0351 22.688 0
5.93667 11.8733 17.5676 5.34357 10.6874 16.0351 22.7384 0
5.66167 11.3217 16.7418 5.34357 10.6874 16.0351 22.7888 0
5.39667 10.7933 15.9477 5.34357 10.6874 16.0351 22.8391 0
5.12167 10.2433 15.1223 5.34357 10.6874 16.0351 22.8896 0
4.85667 9.71333 14.3281 5.34357 10.6874 16.0351 22.94 0
4.58167 9.16333 13.5027 5.34357 10.6874 16.0351 22.9904 0
4.31667 8.635 12.7086 5.34357 10.6874 16.0351 23.0408 0
4.04167 8.08333 11.8828 5.34357 10.6874 16.0351 23.0912 0
3.77833 7.555 11.0887 5.34357 10.6874 16.0351 23.1416 0
3.50167 7.00333 10.2629 5.34357 10.6874 16.0351 23.192 0
3.23833 6.475 9.46875 5.34357 10.6874 16.0351 23.2424 0
2.96333 5.925 8.64336 5.34357 10.6874 16.0351 23.2927 0
2.69833 5.395 7.84961 5.34357 10.6874 16.0351 23.343 0
2.42333 4.845 7.02422 5.34357 10.6874 16.0351 23.3933 0
2.15833 4.31667 6.23086 5.34357 10.6874 16.0351 23.4436 0
1.88333 3.76667 5.40508 5.34357 10.6874 16.0351 23.494 0
1.61833 3.23667 4.61172 5.34357 10.6874 16.0351 23.5443 0
1.34333 2.68667 3.78594 5.34357 10.6874 16.0351 23.5947 0
1.08 2.15833 2.99336 5.15925 10.3249 15.4346 23.645 0
0.788333 1.57667 2.12812 4.40896 8.81813 13.0087 23.6954 0
0.581667 1.16167 1.51953 3.77963 7.56245 10.9851 23.7458 0
0.405 0.81 1.01328 3.15328 6.30677 8.963 23.7962 0
0.261667 0.52 0.608984 2.52395 5.05109 6.9387 23.8465 0
0.148333 0.296667 0.307422 1.8976 3.79861 4.91735 23.8968 0
0.0683333 0.135 0.107813 1.26827 2.53995 2.8938 23.9472 0
0.0116667 0.0366667 0.0109375 1.06795 1.28725 0.87245 23.9976 0
0 0 0 0.0157867 0.0317867 0.0514 24.0479 1
0.0133333 0.0266667 0.0425781 0.581547 1.16651 1.88275 24.0983 1
0.0583333 0.115 0.186719 1.21109 2.42219 3.9063 24.1486 1
0.135 0.268333 0.433203 1.83723 3.67787 5.9284 24.199 0
0.233333 0.465 0.750391 2.41579 4.83499 7.7918 24.2493 0
0.381667 0.765 1.23281 3.09291 6.18923 9.9748 24.2997 0
0.553333 1.10833 1.78672 3.72245 7.44491 11.9992 24.3499 0
0.756667 1.515 2.44219 4.34859 8.70059 14.0219 24.4002 0
0.993333 1.985 3.20078 4.97813 9.95627 16.0351 24.4506 0
1.25667 2.515 4.01094 5.34357 10.6874 16.0351 24.5009 0
1.53167 3.065 4.83711 5.34357 10.6874 16.0351 24.5513 0
1.79667 3.59333 5.63086 5.34357 10.6874 16.0351 24.6016 0
2.07167 4.145 6.45664 5.34357 10.6874 16.0351 24.6519 0
2.33667 4.67333 7.25039 5.34357 10.6874 16.0351 24.7022 0
2.61167 5.22333 8.07617 5.34357 10.6874 16.0351 24.7525 0
2.87667 5.75333 8.86992 5.34357 10.6874 16.0351 24.8029 0
3.15167 6.30333 9.6957 5.34357 10.6874 16.0351 24.8532 0
3.415 6.83167 10.4891 5.34357 10.6874 16.0351 24.9036 0
3.69167 7.38167 11.3148 5.34357 10.6874 16.0351 24.9539 0
3.955 7.91167 12.109 5.34357 10.6874 16.0351 25.0043 0
4.23 8.46167 12.9352 5.34357 10.6874 16.0351 25.0547 0
4.495 8.99167 13.7285 5.34357 10.6874 16.0351 25.105 0
4.77 9.54167 14.5547 5.34357 10.6874 16.0351 25.1553 0
5.095 10.19 15.5262 5.34357 10.6874 16.0351 25.2056 0
5.31 10.6217 16.1742 5.34357 10.6874 16.0351 25.2559 0
5.605 11.2117 17.059 5.34357 10.6874 16.0351 25.3062 0
5.89833 11.7983 17.9406 5.34357 10.6874 16.0351 25.3565 0
6.175 12.35 18.7668 5.34357 10.6874 16.0351 25.4069 0
6.43833 12.8783 19.5613 5.34357 10.6874 16.0351 25.4572 0
6.715 13.4283 20.3871 5.34357 10.6874 16.0351 25.5076 0
6.97833 13.9583 21.1812 5.34357 10.6874 16.0351 25.5581 0
7.25333 14.5083 22.007 5.34357 10.6874 16.0351 25.6085 0
7.51833 15.0383 22.8012 5.34357 10.6874 16.0351 25.6589 0
7.79333 15.5883 23.627 5.34357 10.6874 16.0351 25.7093 0
8.05833 16.1183 24.4211 5.34357 10.6874 16.0351 25.7597 0
8.33333 16.6683 25.2465 5.34357 10.6874 16.0351 25.8101 0
8.59833 17.1967 26.0402 5.34357 10.6874 16.0351 25.8605 0
8.86833 17.7383 26.8527 5.28 10.5698 15.8295 25.9109 0
9.12 18.2417 27.6035 4.65387 9.31413 13.8074 25.9612 0
9.34 18.6833 28.2523 4.02432 8.05845 11.7838 26.0116 0
9.52833 19.06 28.7988 3.39819 6.80597 9.76175 26.062 0
9.685 19.3733 29.2434 2.76864 5.55029 7.73965 26.1123 0
9.81 19.6233 29.5852 2.14251 4.29461 5.7183 26.1627 0
9.90333 19.81 29.8254 1.51616 3.03893 3.6962 26.2131 0
9.965 19.9333 29.9629 1.06795 1.78645 1.67485 26.2634 0
10 19.9983 30 0 1.06795 0 26.3137 0
9.99667 19.9917 29.9867 0.333653 0.66752 1.07585 26.3641 1
9.96333 19.9283 29.8832 0.96 1.92 3.09865 26.4145 1
9.9 19.8 29.6777 1.58613 3.17568 5.12075 26.4649 1
9.78167 19.5633 29.2961 2.33963 4.68245 7.5459 26.5153 1
9.64833 19.2967 28.866 2.96576 5.93493 9.568 26.5657 1
9.48333 18.9667 28.334 3.59531 7.19061 11.5893 26.6161 0
9.28667 18.5733 27.6992 4.22144 8.44629 13.6115 26.6665 0
9.05833 18.115 26.9625 4.85099 9.70197 15.6328 26.7168 0
8.79333 17.585 26.1391 5.34357 10.6874 16.0351 26.7672 0
8.52833 17.0567 25.3453 5.34357 10.6874 16.0351 26.8177 0
8.25333 16.5067 24.5195 5.34357 10.6874 16.0351 26.8681 0
7.98833 15.9767 23.7258 5.34357 10.6874 16.0351 26.9185 0
7.71333 15.4267 22.9004 5.34357 10.6874 16.0351 26.9689 0
7.45 14.8983 22.1066 5.34357 10.6874 16.0351 27.0194 0
7.175 14.3483 21.2812 5.34357 10.6874 16.0351 27.0698 0
6.91 13.8183 20.4875 5.34357 10.6874 16.0351 27.1201 0
6.635 13.2683 19.6621 5.34357 10.6874 16.0351 27.1704 0
6.37 12.74 18.868 5.34357 10.6874 16.0351 27.2208 0
6.095 12.1883 18.0422 5.34357 10.6874 16.0351 27.2711 0
5.83 11.66 17.248 5.34357 10.6874 16.0351 27.3215 0
5.555 11.11 16.4227 5.34357 10.6874 16.0351 27.3718 0
5.29 10.58 15.6285 5.34357 10.6874 16.0351 27.4221 0
5.015 10.03 14.8031 5.34357 10.6874 16.0351 27.4724 0
4.75 9.50167 14.009 5.34357 10.6874 16.0351 27.5227 0
4.475 8.95 13.1836 5.34357 10.6874 16.0351 27.573 0
4.21167 8.42167 12.3902 5.34357 10.6874 16.0351 27.6233 0
3.93667 7.87167 11.5645 5.34357 10.6874 16.0351 27.6737 0
3.67167 7.34333 10.7707 5.34357 10.6874 16.0351 27.7239 0
3.39667 6.79167 9.94531 5.34357 10.6874 16.0351 27.7743 0
3.13167 6.26333 9.15156 5.34357 10.6874 16.0351 27.8245 0
2.85667 5.71333 8.32617 5.34357 10.6874 16.0351 27.8749 0
2.53333 5.065 7.35391 5.34357 10.6874 16.0351 27.9252 0
2.31667 4.63333 6.70625 5.34357 10.6874 16.0351 27.9755 0
1.99333 3.98667 5.73438 5.34357 10.6874 16.0351 28.0258 0
1.77833 3.555 5.0875 5.34357 10.6874 16.0351 28.0762 0
1.45333 2.90667 4.11562 5.34357 10.6874 16.0351 28.1266 0
1.18833 2.37667 3.31992 5.41995 10.8369 16.2594 28.1769 0
0.93 1.86 2.54688 4.7936 9.58123 14.2358 28.2273 0
0.703333 1.405 1.87656 4.16747 8.32555 12.2137 28.2777 0
0.506667 1.015 1.30859 3.53792 7.06987 10.1916 28.3281 0
0.343333 0.688333 0.842578 2.91179 5.81419 8.16955 28.3785 0
0.211667 0.425 0.478516 2.28245 4.55851 6.1467 28.4288 0
0.111667 0.225 0.216797 1.65611 3.30603 4.12385 28.4792 0
0.0433333 0.0883333 0.0574219 1.06795 2.05035 2.10105 28.5296 0
0 0.0133333 0 0 1.06795 0 28.58 0
0.00166667 0.00333333 0.00507812 0.206507 0.416427 0.672 28.6304 1
0.0266667 0.055 0.0878906 0.836053 1.67211 2.6941 28.6808 1
0.085 0.17 0.273047 1.46219 2.92459 4.71695 28.7312 0
0.173333 0.348333 0.560547 2.08853 4.18027 6.73975 28.7816 0
0.295 0.59 0.950391 2.71787 5.43573 8.7626 28.8319 0
0.446667 0.895 1.44219 3.34421 6.69141 10.7847 28.8822 0
0.631667 1.26333 2.03633 3.97355 7.94709 12.8083 28.9326 0
0.846667 1.695 2.73281 4.59968 9.20277 14.8311 28.9829 0
1.095 2.19167 3.52422 5.22923 10.4585 16.0351 29.0332 0
1.365 2.73 4.33398 5.34357 10.6874 16.0351 29.0836 0
1.64 3.28 5.15938 5.34357 10.6874 16.0351 29.1338 0
1.905 3.80833 5.95352 5.34357 10.6874 16.0351 29.1842 0
2.18 4.36 6.77891 5.34357 10.6874 16.0351 29.2345 0
2.44333 4.88833 7.57305 5.34357 10.6874 16.0351 29.2849 0
2.71833 5.43833 8.39844 5.34357 10.6874 16.0351 29.3353 0
3.04333 6.08667 9.36953 5.34357 10.6874 16.0351 29.3857 0
3.25833 6.51833 10.0172 5.34357 10.6874 16.0351 29.4359 0
3.58167 7.165 10.9887 5.34357 10.6874 16.0351 29.4863 0
3.84667 7.69333 11.7824 5.34357 10.6874 16.0351 29.5366 0
4.12167 8.24333 12.6078 5.34357 10.6874 16.0351 29.5869 0
4.38667 8.77333 13.4016 5.34357 10.6874 16.0351 29.6373 0
4.66167 9.32333 14.227 5.34357 10.6874 16.0351 29.6876 0
4.92667 9.85333 15.0211 5.34357 10.6874 16.0351 29.7379 0
5.20167 10.4033 15.8465 5.34357 10.6874 16.0351 29.7883 0
5.465 10.9317 16.6406 5.34357 10.6874 16.0351 29.8386 0
5.74167 11.4817 17.466 5.34357 10.6874 16.0351 29.8889 0
6.005 12.0117 18.2602 5.34357 10.6874 16.0351 29.9392 0
6.28 12.5617 19.0855 5.34357 10.6874 16.0351 29.9895 0
6.545 13.09 19.8793 5.34357 10.6874 16.0351 30.04 0
6.82 13.64 20.7047 5.34357 10.6874 16.0351 30.0903 0
7.085 14.17 21.498 5.34357 10.6874 16.0351 30.1406 0
7.36 14.72 22.3234 5.34357 10.6874 16.0351 30.1909 0
7.62333 15.2483 23.1172 5.34357 10.6874 16.0351 30.2413 0
7.89833 15.7983 23.9426 5.34357 10.6874 16.0351 30.2916 0
8.16333 16.3283 24.7363 5.34357 10.6874 16.0351 30.3419 0
8.43833 16.8783 25.5617 5.34357 10.6874 16.0351 30.3923 0
8.70333 17.4067 26.3555 5.34357 10.6874 16.0351 30.4425 0
8.97 17.9417 27.1566 5.04171 10.0834 15.0419 30.4928 0
9.21 18.4217 27.868 4.41536 8.82773 13.0191 30.5433 0
9.41833 18.8367 28.477 3.78923 7.57205 10.997 30.5937 0
9.595 19.1883 28.9836 3.15968 6.31637 8.97495 30.644 0
9.73833 19.4783 29.3883 2.53355 5.06389 6.95285 30.6944 0
9.85167 19.7033 29.6906 1.904 3.80821 4.93 30.7448 0
9.93333 19.865 29.8906 1.27787 2.55253 2.9072 30.7952 0
10 19.9767 29.9961 0 1.06795 0.48055 30.8456 0
10 20 30 0.0157867 0.0317867 0.05285 30.896 1
9.98 19.9617 29.9367 0.708693 1.4208 2.28955 30.9464 1
9.93 19.8583 29.7723 1.33504 2.67328 4.3109 30.9968 1
9.84667 19.6933 29.5055 1.96437 3.92896 6.3337 31.0472 1
9.73167 19.465 29.1363 2.59072 5.18464 8.35505 31.0975 1
9.58667 19.1717 28.6652 3.21685 6.43712 10.3771 31.1479 0
9.40833 18.8167 28.0922 3.8464 7.6928 12.3985 31.1983 0
9.19833 18.3967 27.416 4.47253 8.94848 14.4221 31.2487 0
8.95833 17.915 26.6402 5.10208 10.2042 16.0351 31.299 0
8.685 17.37 25.8145 5.34357 10.6874 16.0351 31.3493 0
8.42 16.84 25.0211 5.34357 10.6874 16.0351 31.3997 0
8.145 16.29 24.1957 5.34357 10.6874 16.0351 31.45 0
7.88167 15.7617 23.4023 5.34357 10.6874 16.0351 31.5003 0
7.60667 15.2117 22.5766 5.34357 10.6874 16.0351 31.5505 0
7.34167 14.6833 21.7832 5.34357 10.6874 16.0351 31.6009 0
7.06667 14.1317 20.9578 5.34357 10.6874 16.0351 31.6513 0
6.80167 13.6033 20.1645 5.34357 10.6874 16.0351 31.7016 0
6.52667 13.0533 19.3387 5.34357 10.6874 16.0351 31.752 0
6.26167 12.5233 18.5449 5.34357 10.6874 16.0351 31.8023 0
5.98667 11.9733 17.7191 5.34357 10.6874 16.0351 31.8527 0
5.72333 11.445 16.9254 5.34357 10.6874 16.0351 31.903 0
5.44833 10.895 16.1 5.34357 10.6874 16.0351 31.9534 0
5.18333 10.365 15.3062 5.34357 10.6874 16.0351 32.0037 0
4.90833 9.815 14.4809 5.34357 10.6874 16.0351 32.0541 0
4.64333 9.28667 13.6875 5.34357 10.6874 16.0351 32.1044 0
4.36833 8.73667 12.8625 5.34357 10.6874 16.0351 32.1548 0
4.105 8.20833 12.0691 5.34357 10.6874 16.0351 32.2052 0
3.82833 7.65667 11.2434 5.34357 10.6874 16.0351 32.2556 0
3.505 7.01 10.2723 5.34357 10.6874 16.0351 32.3059 0
3.29 6.57833 9.62422 5.34357 10.6874 16.0351 32.3563 0
2.96667 5.93167 8.65352 5.34357 10.6874 16.0351 32.4067 0
2.70667 5.41333 7.87617 5.34357 10.6874 16.0351 32.4571 0
2.42667 4.85333 7.03516 5.34357 10.6874 16.0351 32.5074 0
2.19833 4.39667 6.35156 5.34357 10.6874 16.0351 32.5578 0
1.88667 3.77333 5.41641 5.34357 10.6874 16.0351 32.6082 0
1.63833 3.275 4.66836 5.34357 10.6874 16.0351 32.6586 0
1.34833 2.695 3.79805 5.34357 10.6874 16.0351 32.709 0
1.08333 2.16667 3.00469 5.17205 10.3473 15.4659 32.7594 0
0.836667 1.67333 2.27227 4.54571 9.09163 13.4438 32.8098 0
0.623333 1.245 1.64219 3.91637 7.83595 11.4217 32.8602 0
0.44 0.878333 1.11367 3.29003 6.58027 9.39965 32.9105 0
0.29 0.576667 0.687891 2.66389 5.32779 7.3783 32.9608 0
0.17 0.338333 0.364062 2.03435 4.07211 5.3562 33.0112 0
0.0816667 0.163333 0.142578 1.40821 2.81963 3.33485 33.0615 0
0.0233333 0.0516667 0.0230469 1.06795 1.56395 1.31275 33.1118 0
0 0 0 0 0 0 33.1622 0
0.00833333 0.0166667 0.0257812 0.4576 0.918613 1.4804 33.2126 1
0.0466667 0.0933333 0.149609 1.08395 2.17109 3.50175 33.2629 1
0.116667 0.233333 0.375391 1.71328 3.42677 5.52385 33.3132 0
0.218333 0.436667 0.703516 2.33963 4.68245 7.5452 33.3636 0
0.351667 0.703333 1.13398 2.96576 5.93493 9.56725 33.4139 0
0.516667 1.03333 1.66602 3.59531 7.19061 11.5893 33.4642 0
0.713333 1.42833 2.30117 4.22144 8.44629 13.6122 33.5145 0
0.941667 1.885 3.0375 4.85099 9.70197 15.635 33.5649 0
1.20667 2.415 3.86133 5.34357 10.6874 16.0351 33.6152 0
1.53 3.06167 4.8332 5.34357 10.6874 16.0351 33.6656 0
1.74667 3.49333 5.48086 5.34357 10.6874 16.0351 33.716 0
2.07 4.14167 6.45273 5.34357 10.6874 16.0351 33.7664 0
2.335 4.67 7.24648 5.34357 10.6874 16.0351 33.8168 0
2.61 5.22167 8.07187 5.34357 10.6874 16.0351 33.8672 0
2.875 5.75 8.86563 5.34357 10.6874 16.0351 33.9175 0
3.15 6.3 9.69102 5.34357 10.6874 16.0351 33.9678 0
3.415 6.83 10.4852 5.34357 10.6874 16.0351 34.0181 0
3.69 7.38 11.3102 5.34357 10.6874 16.0351 34.0685 0
3.95333 7.90833 12.1039 5.34357 10.6874 16.0351 34.1188 0
4.22833 8.45833 12.9293 5.34357 10.6874 16.0351 34.1692 0
4.49333 8.98667 13.723 5.34357 10.6874 16.0351 34.2196 0
4.76833 9.53667 14.548 5.34357 10.6874 16.0351 34.2699 0
5.03333 10.0667 15.3414 5.34357 10.6874 16.0351 34.3202 0
5.30833 10.6167 16.1668 5.34357 10.6874 16.0351 34.3706 0
5.57167 11.145 16.9605 5.34357 10.6874 16.0351 34.421 0
5.84667 11.695 17.7859 5.34357 10.6874 16.0351 34.4714 0
6.11167 12.225 18.5797 5.34357 10.6874 16.0351 34.5218 0
6.38667 12.775 19.4051 5.34357 10.6874 16.0351 34.5722 0
6.65167 13.3033 20.1984 5.34357 10.6874 16.0351 34.6225 0
6.92667 13.8533 21.0234 5.34357 10.6874 16.0351 34.6729 0
7.19 14.3817 21.8168 5.34357 10.6874 16.0351 34.7233 0
7.465 14.9317 22.6422 5.34357 10.6874 16.0351 34.7737 0
7.73 15.4617 23.4355 5.34357 10.6874 16.0351 34.8241 0
8.005 16.0117 24.2605 5.34357 10.6874 16.0351 34.8744 0
8.27 16.54 25.0539 5.34357 10.6874 16.0351 34.9248 0
8.545 17.09 25.8789 5.34357 10.6874 16.0351 34.9752 0
8.86333 17.7283 26.8375 5.296 10.5952 15.8667 35.0255 0
9.11667 18.2333 27.5902 4.66965 9.33952 13.8454 35.0758 0
9.33667 18.675 28.2406 4.04352 8.08384 11.8233 35.1263 0
9.52667 19.0533 28.7891 3.41397 6.83136 9.80195 35.1766 0
9.68333 19.3683 29.2352 2.78784 5.57568 7.77985 35.2271 0
9.80833 19.6183 29.5793 2.16149 4.32 5.75855 35.2774 0
9.90333 19.8067 29.8211 1.53216 3.06752 3.73645 35.3277 0
9.96667 19.9317 29.9609 1.06795 1.81184 1.7151 35.3781 0
10 19.9967 30 0 1.06795 0 35.4286 0
9.99667 19.9917 29.9867 0.330453 0.66432 1.0751 35.479 1
9.96333 19.9283 29.8832 0.96 1.92 3.09645 35.5293 1
9.9 19.8 29.6781 1.58613 3.17568 5.1178 35.5797 1
9.805 19.61 29.3703 2.21248 4.42816 7.1391 35.6301 1
9.67833 19.355 28.9609 2.84181 5.68384 9.16045 35.6805 1
9.52 19.0383 28.4492 3.46816 6.93952 11.1818 35.7309 0
9.32833 18.6567 27.8355 4.09429 8.192 13.2031 35.7813 0
9.10667 18.2133 27.1195 4.72384 9.44768 15.2253 35.8317 0
8.85333 17.705 26.3188 5.34357 10.6874 16.0351 35.8821 0
8.57833 17.155 25.4934 5.34357 10.6874 16.0351 35.9325 0
8.31333 16.6267 24.7 5.34357 10.6874 16.0351 35.9828 0
8.03833 16.0767 23.8746 5.34357 10.6874 16.0351 36.033 0
7.77333 15.5467 23.0805 5.34357 10.6874 16.0351 36.0834 0
7.49833 14.9967 22.2555 5.34357 10.6874 16.0351 36.1337 0
7.235 14.4683 21.4621 5.34357 10.6874 16.0351 36.184 0
6.96 13.9183 20.6371 5.34357 10.6874 16.0351 36.2344 0
6.695 13.39 19.8441 5.34357 10.6874 16.0351 36.2848 0
6.42 12.84 19.0191 5.34357 10.6874 16.0351 36.3351 0
6.09667 12.1933 18.048 5.34357 10.6874 16.0351 36.3855 0
5.88167 11.7617 17.4004 5.34357 10.6874 16.0351 36.4358 0
5.55667 11.1133 16.4293 5.34357 10.6874 16.0351 36.4861 0
5.29333 10.585 15.6355 5.34357 10.6874 16.0351 36.5363 0
5.01833 10.035 14.8102 5.34357 10.6874 16.0351 36.5866 0
4.75333 9.50667 14.0168 5.34357 10.6874 16.0351 36.6368 0
4.47833 8.95667 13.1918 5.34357 10.6874 16.0351 36.6871 0
4.21333 8.42667 12.3984 5.34357 10.6874 16.0351 36.7375 0
3.93833 7.87667 11.573 5.34357 10.6874 16.0351 36.7878 0
3.675 7.34833 10.7797 5.34357 10.6874 16.0351 36.8382 0
3.4 6.79833 9.95469 5.34357 10.6874 16.0351 36.8886 0
3.135 6.27 9.16133 5.34357 10.6874 16.0351 36.9389 0
2.86 5.72 8.33594 5.34357 10.6874 16.0351 36.9892 0
2.595 5.19167 7.54258 5.34357 10.6874 16.0351 37.0396 0
2.32 4.64 6.71719 5.34357 10.6874 16.0351 37.09 0
2.05667 4.11167 5.92344 5.34357 10.6874 16.0351 37.1403 0
1.78167 3.56167 5.09844 5.34357 10.6874 16.0351 37.1907 0
1.51667 3.03333 4.30469 5.34357 10.6874 16.0351 37.2411 0
1.24167 2.48333 3.47969 5.35957 10.7191 16.0865 37.2914 0
0.983333 1.965 2.7043 4.92075 9.85131 14.6702 37.3418 0
0.75 1.49833 2.01211 4.29461 8.59563 12.6474 37.3921 0
0.548333 1.09333 1.42188 3.66528 7.33995 10.6252 37.4425 0
0.378333 0.753333 0.933594 3.03893 6.08427 8.6024 37.4929 0
0.24 0.476667 0.548047 2.41259 4.82859 6.58035 37.5433 0
0.133333 0.261667 0.264453 1.78325 3.57291 4.5575 37.5937 0
0.0583333 0.111667 0.0832031 1.15712 2.32043 2.5369 37.644 0
0.00333333 0.025 0.00390625 1.06795 1.06795 0.51405 37.6944 0
0 0 0.00078125 0.08256 0.16512 0.26745 37.7447 1
0.02 0.0383333 0.0632813 0.708693 1.4208 2.2903 37.7951 1
0.085 0.17 0.273047 1.46219 2.92459 4.71695 37.8454 0
0.173333 0.348333 0.560547 2.08853 4.18027 6.7383 37.8958 0
0.295 0.59 0.95 2.71787 5.43573 8.76035 37.9461 0
0.446667 0.893333 1.44102 3.34421 6.68843 10.781 37.9964 0
0.631667 1.26333 2.03516 3.97035 7.94411 12.8046 38.0468 0
0.846667 1.695 2.73086 4.59968 9.19957 14.8259 38.097 0
1.095 2.19 3.52187 5.22603 10.4553 16.0351 38.1474 0
1.36333 2.72833 4.33125 5.34357 10.6874 16.0351 38.1978 0
1.63833 3.27833 5.15664 5.34357 10.6874 16.0351 38.2482 0
1.90333 3.80667 5.95 5.34357 10.6874 16.0351 38.2985 0
2.17833 4.35667 6.77539 5.34357 10.6874 16.0351 38.3489 0
2.44167 4.885 7.56875 5.34357 10.6874 16.0351 38.3994 0
2.71667 5.435 8.39375 5.34357 10.6874 16.0351 38.4498 0
2.98167 5.965 9.18711 5.34357 10.6874 16.0351 38.5002 0
3.25667 6.51333 10.0121 5.34357 10.6874 16.0351 38.5506 0
3.52167 7.04333 10.8051 5.34357 10.6874 16.0351 38.6011 0
3.79667 7.59333 11.6305 5.34357 10.6874 16.0351 38.6515 0
4.06 8.12167 12.4238 5.34357 10.6874 16.0351 38.7018 0
4.335 8.67167 13.2488 5.34357 10.6874 16.0351 38.7522 0
4.6 9.2 14.0422 5.34357 10.6874 16.0351 38.8026 0
4.875 9.75 14.8676 5.34357 10.6874 16.0351 38.8529 0
5.14 10.28 15.6613 5.34357 10.6874 16.0351 38.9033 0
5.415 10.83 16.4871 5.34357 10.6874 16.0351 38.9537 0
5.67833 11.3583 17.2801 5.34357 10.6874 16.0351 39.0041 0
5.95333 11.9083 18.1055 5.34357 10.6874 16.0351 39.0545 0
6.21833 12.4367 18.8984 5.34357 10.6874 16.0351 39.1048 0
6.49333 12.9867 19.7242 5.34357 10.6874 16.0351 39.1553 0
6.81667 13.635 20.6949 5.34357 10.6874 16.0351 39.2057 0
7.03333 14.0667 21.3426 5.34357 10.6874 16.0351 39.2561 0
7.35667 14.7133 22.3137 5.34357 10.6874 16.0351 39.3065 0
7.62 15.2417 23.107 5.34357 10.6874 16.0351 39.3569 0
7.895 15.7917 23.9324 5.34357 10.6874 16.0351 39.4073 0
8.16 16.3217 24.7258 5.34357 10.6874 16.0351 39.4578 0
8.435 16.87 25.5504 5.34357 10.6874 16.0351 39.508 0
8.7 17.4 26.3441 5.34357 10.6874 16.0351 39.5583 0
8.96667 17.935 27.1465 5.04491 10.0992 15.071 39.6085 0
9.20667 18.415 27.8586 4.41856 8.84373 13.0497 39.6588 0
9.415 18.8317 28.4691 3.79243 7.59104 11.0276 39.7091 0
9.59167 19.185 28.977 3.16288 6.33557 9.00625 39.7594 0
9.735 19.4733 29.3832 2.53675 5.07989 6.98415 39.8098 0
9.84833 19.7 29.6871 1.9104 3.8272 4.96205 39.8601 0
9.93 19.8633 29.8887 1.28107 2.57173 2.9407 39.9105 0
9.98667 19.9633 29.9883 1.06795 1.31605 0.91865 39.9608 0
10 20 30 0.0157867 0.0317867 0.0514 40.011 1
9.98667 19.9733 29.9574 0.581547 1.16651 1.8835 40.0614 1
9.94167 19.885 29.8133 1.21109 2.42219 3.90555 40.1118 1
9.86667 19.7317 29.5672 1.83723 3.67787 5.92765 40.1622 1
9.75833 19.515 29.2184 2.46677 4.93355 7.9505 40.2125 1
9.61833 19.235 28.768 3.09291 6.18603 9.97185 40.2628 0
9.44667 18.8917 28.2148 3.71925 7.44171 11.9946 40.3131 0
9.24333 18.4867 27.5598 4.34859 8.69739 14.0167 40.3635 0
9.00833 18.0167 26.8023 4.97493 9.95307 16.0351 40.4138 0
8.745 17.4883 25.9922 5.34357 10.6874 16.0351 40.4641 0
8.46833 16.9367 25.1668 5.34357 10.6874 16.0351 40.5143 0
8.205 16.4083 24.3727 5.34357 10.6874 16.0351 40.5646 0
7.93 15.8583 23.5477 5.34357 10.6874 16.0351 40.6149 0
7.665 15.3283 22.7535 5.34357 10.6874 16.0351 40.6653 0
7.39 14.7783 21.9281 5.34357 10.6874 16.0351 40.7156 0
7.06667 14.1317 20.9566 5.34357 10.6874 16.0351 40.766 0
6.85 13.7 20.309 5.34357 10.6874 16.0351 40.8164 0
6.52667 13.0517 19.3371 5.34357 10.6874 16.0351 40.8668 0
6.26167 12.5233 18.5434 5.34357 10.6874 16.0351 40.9171 0
5.98667 11.9733 17.718 5.34357 10.6874 16.0351 40.9675 0
5.72167 11.4433 16.9238 5.34357 10.6874 16.0351 41.0178 0
5.44667 10.8933 16.0984 5.34357 10.6874 16.0351 41.0682 0
5.18333 10.365 15.3051 5.34357 10.6874 16.0351 41.1186 0
4.90833 9.815 14.4797 5.34357 10.6874 16.0351 41.1689 0
4.64333 9.285 13.6859 5.34357 10.6874 16.0351 41.2193 0
4.36833 8.735 12.8605 5.34357 10.6874 16.0351 41.2696 0
4.10333 8.20667 12.0668 5.34357 10.6874 16.0351 41.32 0
3.82833 7.65667 11.2414 5.34357 10.6874 16.0351 41.3704 0
3.56333 7.12667 10.4477 5.34357 10.6874 16.0351 41.4207 0
3.28833 6.57667 9.62227 5.34357 10.6874 16.0351 41.4709 0
3.025 6.04833 8.82891 5.34357 10.6874 16.0351 41.5212 0
2.75 5.49833 8.00352 5.34357 10.6874 16.0351 41.5715 0
2.485 4.97 7.21016 5.34357 10.6874 16.0351 41.6217 0
2.21 4.42 6.38477 5.34357 10.6874 16.0351 41.672 0
1.945 3.89 5.59141 5.34357 10.6874 16.0351 41.7223 0
1.67 3.34 4.76641 5.34357 10.6874 16.0351 41.7725 0
1.40667 2.81167 3.97344 5.34357 10.6874 16.0351 41.8229 0
1.135 2.27 3.16094 5.296 10.5888 15.863 41.8732 0
0.883333 1.76667 2.40859 4.66965 9.33312 13.8409 41.9235 0
0.661667 1.325 1.75781 4.04352 8.08064 11.8181 41.9739 0
0.473333 0.946667 1.20977 3.41397 6.82496 9.796 42.0242 0
0.316667 0.631667 0.763672 2.78784 5.56928 7.77315 42.0746 0
0.19 0.381667 0.419922 2.15829 4.3136 5.7511 42.1249 0
0.0966667 0.193333 0.178125 1.53216 3.05792 3.7275 42.1753 0
0.0216667 0.0516667 0.0230469 1.06795 1.55435 1.30235 42.2256 0
0 0 0 0 0 0 42.2759 0
0.00833333 0.0166667 0.0257812 0.4576 0.918613 1.4804 42.3262 1
0.0466667 0.0933333 0.149609 1.08715 2.17429 3.504 42.3765 1
0.116667 0.233333 0.376172 1.71328 3.42997 5.5283 42.4268 0
0.218333 0.436667 0.704687 2.34283 4.68565 7.5504 42.4772 0
0.351667 0.705 1.13516 2.96896 5.94133 9.57325 42.5276 0
0.516667 1.035 1.66836 3.59531 7.19381 11.5961 42.5779 0
0.715 1.42833 2.30352 4.22464 8.44949 13.6196 42.6282 0
0.943333 1.88667 3.04102 4.85099 9.70517 15.6425 42.6784 0
1.20833 2.41667 3.86484 5.34357 10.6874 16.0351 42.7287 0
1.47333 2.94667 4.65898 5.34357 10.6874 16.0351 42.7791 0
1.74833 3.49667 5.48477 5.34357 10.6874 16.0351 42.8293 0
2.01333 4.02667 6.27891 5.34357 10.6874 16.0351 42.8797 0
2.28833 4.57667 7.10469 5.34357 10.6874 16.0351 42.9301 0
2.55333 5.105 7.89883 5.34357 10.6874 16.0351 42.9805 0
2.82833 5.65667 8.72461 5.34357 10.6874 16.0351 43.0308 0
3.09167 6.185 9.51836 5.34357 10.6874 16.0351 43.0812 0
3.36667 6.735 10.3438 5.34357 10.6874 16.0351 43.1316 0
3.63 7.26 11.1301 5.34357 10.6874 16.0351 43.182 0
3.90667 7.815 11.9629 5.34357 10.6874 16.0351 43.2323 0
4.17167 8.34333 12.7566 5.34357 10.6874 16.0351 43.2826 0
